Format:
Wavelength[nm] , MeanValue[V] , StandardDeviation[%]
Start: 1150, Stop: 350, Interval: 20, Delay: 0.5, Std. Dev. allowed: 5,  Lock-In time constant: Not specified!
1150 , 0.002004364 , 6.62319075819353 , Warning: Std Deviation too high!
1130 , 0.00218416 , 0.286004284313275
1110 , 0.00199752 , 0.193330381955012
1090 , 0.003165724 , 7.90660645207197 , Warning: Std Deviation too high!
1070 , 0.00328594 , 0.215089173318302
1050 , 0.00328478 , 0.304013371887442
1030 , 0.00325428 , 0.174418149870375
1010 , 0.00316816 , 0.214148614035999
990 , 0.00304066 , 0.258590219103981
970 , 0.00287448 , 0.143242428359063
950 , 0.00267076 , 0.12101757955023
930 , 0.002453 , 0.254716662891902
910 , 0.00217092 , 0.391603012639518
890 , 0.0018956 , 0.389749870099906
870 , 0.0016622 , 0.124694947988723
850 , 0.00150948 , 0.198053760941817
830 , 0.0014692 , 0.228922657332255
810 , 0.00152306 , 0.304131508465638
790 , 0.0016498 , 0.203574440817006
770 , 0.00178358 , 0.296909633003741
750 , 0.0019403 , 0.259305366094726
730 , 0.00199026 , 0.238524204705773
710 , 0.00183624 , 0.0854574358462832
690 , 0.001695516 , 5.32956885222234 , Warning: Std Deviation too high!
670 , 0.00174682 , 0.561567119624584
650 , 0.0017618 , 0.176377029043516
630 , 0.00174382 , 0.202743249698904
610 , 0.00171626 , 0.154338433947135
590 , 0.00166278 , 0.129596301973845
570 , 0.00158734 , 0.0531731017797479
550 , 0.001914476 , 6.18662714949394 , Warning: Std Deviation too high!
530 , 0.00177968 , 0.380507955298727
510 , 0.00155672 , 0.222095037367264
490 , 0.00123704 , 0.324707759445915
470 , 0.00086888 , 6.11866799520467 , Warning: Std Deviation too high!
450 , 0.00088906 , 0.310415787479699
430 , 0.00085584 , 0.100132198920056
410 , 0.00067264 , 0.116531386429661
390 , 0.00045434 , 0.647571436684879
370 , 0.00032734 , 0.633218035224572
350 , 0.000336775 , 4.7653664968558

