Delay [ps]	Value	ValueErr
		
-293.333	17.100	0.308
-287.467	17.000	0.000
-281.600	17.000	0.000
-275.733	17.000	0.000
-269.867	17.050	0.224
-264.000	17.350	0.489
-258.133	18.000	0.000
-252.267	18.000	0.000
-246.400	18.000	0.000
-240.533	18.050	0.224
-234.667	18.000	0.000
-228.800	18.000	0.000
-222.933	18.000	0.000
-217.067	17.950	0.224
-211.200	18.000	0.000
-205.333	18.000	0.000
-199.467	18.000	0.000
-193.600	18.000	0.000
-187.733	18.050	0.224
-181.867	18.000	0.000
-176.000	18.100	0.308
-170.133	18.150	0.366
-164.267	18.700	0.470
-158.400	19.000	0.000
-152.533	19.000	0.000
-146.667	20.000	0.000
-140.800	20.000	0.000
-134.933	20.450	0.510
-129.067	20.700	0.470
-123.200	21.000	0.000
-117.333	21.050	0.224
-111.467	21.050	0.224
-105.600	21.000	0.000
-99.733	21.000	0.000
-93.867	21.800	0.410
-88.000	22.250	0.444
-82.133	22.400	0.503
-76.267	23.050	0.224
-70.400	24.000	0.324
-64.533	24.750	0.550
-58.667	24.700	0.470
-52.800	25.250	0.444
-46.933	26.400	0.503
-41.067	27.350	0.489
-35.200	29.850	0.366
-29.333	31.950	0.224
-23.467	35.350	0.489
-17.600	38.050	0.759
-11.733	40.700	0.470
-5.867	42.650	0.489
0.000	42.450	0.510
5.867	40.400	0.503
11.733	41.700	0.470
17.600	42.000	0.000
23.467	42.050	0.224
29.333	43.450	0.510
35.200	45.000	0.324
41.067	45.150	0.745
46.933	45.550	0.510
52.800	46.600	0.681
58.667	46.850	0.813
64.533	48.800	0.410
70.400	50.550	0.605
76.267	52.950	0.605
82.133	56.000	0.562
88.000	60.750	0.550
93.867	66.150	0.587
99.733	74.950	0.759
105.600	85.400	1.789
111.467	96.050	1.731
117.333	100.800	1.152
123.200	105.550	1.877
129.067	103.600	0.940
134.933	96.600	0.883
140.800	89.600	0.503
146.667	82.700	0.657
152.533	78.050	0.686
158.400	76.150	1.182
164.267	75.600	0.681
170.133	75.400	1.353
176.000	75.350	0.587
181.867	75.800	0.894
187.733	74.350	0.489
193.600	75.600	0.883
199.467	75.000	0.324
205.333	76.250	0.786
211.200	78.150	0.366
217.067	82.500	0.688
222.933	92.300	1.261
228.800	106.350	0.933
234.667	120.750	1.888
240.533	138.150	1.872
246.400	137.150	1.755
252.267	133.100	1.165
258.133	122.400	0.503
264.000	105.450	0.999
269.867	89.950	1.050
275.733	78.900	0.447
281.600	72.000	0.973
287.467	66.750	1.209
293.333	64.100	0.788
