Angle [deg]	Value	ValueErr
		
-0.500	15.050	0.224
-0.490	15.050	0.224
-0.480	15.950	0.224
-0.470	16.050	0.224
-0.460	16.400	0.503
-0.450	16.800	0.410
-0.440	16.000	0.000
-0.430	16.000	0.000
-0.420	15.800	0.410
-0.410	15.000	0.000
-0.400	14.700	0.470
-0.390	14.250	0.444
-0.380	14.950	0.224
-0.370	14.950	0.224
-0.360	15.950	0.224
-0.350	16.600	0.503
-0.340	17.050	0.224
-0.330	17.650	0.489
-0.320	17.350	0.489
-0.310	17.000	0.000
-0.300	16.200	0.410
-0.290	16.000	0.000
-0.280	15.000	0.000
-0.270	14.600	0.503
-0.260	15.000	0.000
-0.250	15.050	0.224
-0.240	16.050	0.224
-0.230	17.100	0.308
-0.220	18.450	0.510
-0.210	19.150	0.366
-0.200	19.800	0.410
-0.190	19.050	0.224
-0.180	18.400	0.503
-0.170	17.300	0.470
-0.160	16.000	0.000
-0.150	15.000	0.000
-0.140	14.950	0.224
-0.130	15.350	0.489
-0.120	16.850	0.366
-0.110	18.700	0.470
-0.100	21.100	0.308
-0.090	23.200	0.410
-0.080	24.050	0.224
-0.070	24.000	0.000
-0.060	23.050	0.394
-0.050	20.800	0.523
-0.040	18.250	0.444
-0.030	16.050	0.224
-0.020	15.000	0.000
-0.010	16.000	0.000
0.000	18.800	0.616
0.010	23.300	0.801
0.020	29.150	1.040
0.030	35.050	0.759
0.040	39.850	0.813
0.050	42.500	0.513
0.060	41.850	0.587
0.070	38.500	0.513
0.080	32.100	0.968
0.090	25.650	0.745
0.100	21.150	0.366
0.110	21.500	0.607
0.120	29.900	1.518
0.130	49.750	4.025
0.140	82.250	5.159
0.150	129.700	7.205
0.160	185.500	8.853
0.170	250.400	10.470
0.180	321.450	11.874
0.190	391.150	11.780
0.200	453.700	12.274
0.210	496.000	7.987
0.220	523.500	7.736
0.230	529.000	7.574
0.240	520.150	7.443
0.250	482.350	9.010
0.260	437.800	6.229
0.270	376.350	9.472
0.280	309.400	9.944
0.290	240.350	8.671
0.300	177.400	9.196
0.310	121.800	6.502
0.320	77.800	5.376
0.330	46.650	3.438
0.340	27.750	1.832
0.350	18.750	1.020
0.360	17.650	0.489
0.370	21.050	0.826
0.380	26.700	0.923
0.390	31.400	0.681
0.400	34.550	0.510
0.410	35.400	0.503
0.420	33.200	0.410
0.430	29.500	0.688
0.440	25.200	0.616
0.450	20.550	0.605
0.460	17.350	0.489
0.470	15.150	0.366
0.480	15.000	0.000
0.490	15.950	0.224
0.500	17.750	0.444
