Single
3648
Scan 0,   
0, 78.0
1, 78.0
2, 81.0
3, 78.0
4, 74.0
5, 78.0
6, 78.0
7, 76.0
8, 76.0
9, 76.0
10, 79.0
11, 76.0
12, 76.0
13, 78.0
14, 76.0
15, 76.0
16, 75.0
17, 80.0
18, 79.0
19, 76.0
20, 72.0
21, 80.0
22, 75.0
23, 75.0
24, 75.0
25, 72.0
26, 78.0
27, 76.0
28, 79.0
29, 74.0
30, 78.0
31, 76.0
32, 75.0
33, 72.0
34, 79.0
35, 77.0
36, 74.0
37, 75.0
38, 72.0
39, 71.0
40, 79.0
41, 75.0
42, 80.0
43, 72.0
44, 79.0
45, 77.0
46, 75.0
47, 71.0
48, 74.0
49, 73.0
50, 74.0
51, 77.0
52, 80.0
53, 73.0
54, 77.0
55, 76.0
56, 79.0
57, 76.0
58, 81.0
59, 70.0
60, 79.0
61, 79.0
62, 74.0
63, 77.0
64, 78.0
65, 80.0
66, 76.0
67, 75.0
68, 76.0
69, 75.0
70, 80.0
71, 76.0
72, 77.0
73, 76.0
74, 72.0
75, 79.0
76, 71.0
77, 73.0
78, 78.0
79, 81.0
80, 77.0
81, 74.0
82, 80.0
83, 81.0
84, 72.0
85, 78.0
86, 79.0
87, 77.0
88, 77.0
89, 72.0
90, 78.0
91, 75.0
92, 73.0
93, 77.0
94, 74.0
95, 77.0
96, 77.0
97, 74.0
98, 74.0
99, 75.0
100, 75.0
101, 77.0
102, 75.0
103, 72.0
104, 76.0
105, 81.0
106, 76.0
107, 74.0
108, 76.0
109, 75.0
110, 71.0
111, 74.0
112, 73.0
113, 71.0
114, 77.0
115, 82.0
116, 81.0
117, 73.0
118, 82.0
119, 76.0
120, 73.0
121, 82.0
122, 76.0
123, 75.0
124, 78.0
125, 77.0
126, 77.0
127, 75.0
128, 75.0
129, 78.0
130, 71.0
131, 78.0
132, 78.0
133, 77.0
134, 77.0
135, 78.0
136, 77.0
137, 78.0
138, 74.0
139, 75.0
140, 74.0
141, 74.0
142, 73.0
143, 79.0
144, 75.0
145, 79.0
146, 80.0
147, 76.0
148, 76.0
149, 78.0
150, 79.0
151, 72.0
152, 79.0
153, 73.0
154, 75.0
155, 72.0
156, 76.0
157, 76.0
158, 78.0
159, 74.0
160, 74.0
161, 73.0
162, 74.0
163, 75.0
164, 76.0
165, 77.0
166, 78.0
167, 74.0
168, 77.0
169, 76.0
170, 83.0
171, 78.0
172, 72.0
173, 78.0
174, 78.0
175, 73.0
176, 78.0
177, 70.0
178, 72.0
179, 77.0
180, 74.0
181, 79.0
182, 73.0
183, 70.0
184, 77.0
185, 72.0
186, 74.0
187, 72.0
188, 77.0
189, 78.0
190, 77.0
191, 77.0
192, 73.0
193, 73.0
194, 74.0
195, 78.0
196, 78.0
197, 77.0
198, 75.0
199, 74.0
200, 75.0
201, 71.0
202, 73.0
203, 77.0
204, 74.0
205, 80.0
206, 77.0
207, 77.0
208, 74.0
209, 75.0
210, 76.0
211, 72.0
212, 75.0
213, 74.0
214, 77.0
215, 73.0
216, 76.0
217, 77.0
218, 75.0
219, 75.0
220, 75.0
221, 73.0
222, 82.0
223, 73.0
224, 79.0
225, 76.0
226, 76.0
227, 75.0
228, 78.0
229, 77.0
230, 79.0
231, 72.0
232, 75.0
233, 76.0
234, 77.0
235, 74.0
236, 78.0
237, 75.0
238, 79.0
239, 77.0
240, 74.0
241, 76.0
242, 78.0
243, 69.0
244, 74.0
245, 70.0
246, 73.0
247, 77.0
248, 75.0
249, 77.0
250, 75.0
251, 76.0
252, 72.0
253, 75.0
254, 77.0
255, 76.0
256, 75.0
257, 75.0
258, 77.0
259, 74.0
260, 74.0
261, 72.0
262, 77.0
263, 73.0
264, 76.0
265, 77.0
266, 79.0
267, 72.0
268, 73.0
269, 75.0
270, 75.0
271, 74.0
272, 82.0
273, 72.0
274, 81.0
275, 73.0
276, 77.0
277, 79.0
278, 74.0
279, 79.0
280, 76.0
281, 76.0
282, 77.0
283, 77.0
284, 69.0
285, 75.0
286, 75.0
287, 79.0
288, 73.0
289, 74.0
290, 72.0
291, 74.0
292, 73.0
293, 73.0
294, 74.0
295, 79.0
296, 74.0
297, 78.0
298, 73.0
299, 74.0
300, 75.0
301, 75.0
302, 71.0
303, 76.0
304, 75.0
305, 75.0
306, 78.0
307, 73.0
308, 77.0
309, 75.0
310, 75.0
311, 73.0
312, 80.0
313, 72.0
314, 76.0
315, 79.0
316, 77.0
317, 75.0
318, 75.0
319, 80.0
320, 75.0
321, 77.0
322, 78.0
323, 76.0
324, 73.0
325, 73.0
326, 76.0
327, 74.0
328, 75.0
329, 74.0
330, 77.0
331, 78.0
332, 73.0
333, 73.0
334, 78.0
335, 79.0
336, 71.0
337, 73.0
338, 78.0
339, 76.0
340, 75.0
341, 79.0
342, 74.0
343, 74.0
344, 73.0
345, 77.0
346, 72.0
347, 75.0
348, 75.0
349, 79.0
350, 75.0
351, 73.0
352, 75.0
353, 74.0
354, 74.0
355, 71.0
356, 75.0
357, 76.0
358, 72.0
359, 73.0
360, 78.0
361, 73.0
362, 74.0
363, 76.0
364, 74.0
365, 76.0
366, 75.0
367, 80.0
368, 78.0
369, 77.0
370, 78.0
371, 68.0
372, 75.0
373, 76.0
374, 77.0
375, 76.0
376, 76.0
377, 74.0
378, 77.0
379, 78.0
380, 77.0
381, 74.0
382, 77.0
383, 76.0
384, 72.0
385, 70.0
386, 76.0
387, 71.0
388, 79.0
389, 73.0
390, 76.0
391, 75.0
392, 78.0
393, 75.0
394, 72.0
395, 77.0
396, 77.0
397, 76.0
398, 71.0
399, 78.0
400, 72.0
401, 78.0
402, 74.0
403, 75.0
404, 73.0
405, 75.0
406, 77.0
407, 77.0
408, 75.0
409, 79.0
410, 73.0
411, 76.0
412, 76.0
413, 78.0
414, 71.0
415, 74.0
416, 77.0
417, 76.0
418, 76.0
419, 72.0
420, 78.0
421, 73.0
422, 78.0
423, 74.0
424, 72.0
425, 75.0
426, 73.0
427, 77.0
428, 76.0
429, 75.0
430, 75.0
431, 77.0
432, 73.0
433, 69.0
434, 80.0
435, 74.0
436, 75.0
437, 78.0
438, 75.0
439, 73.0
440, 76.0
441, 74.0
442, 78.0
443, 72.0
444, 80.0
445, 73.0
446, 69.0
447, 75.0
448, 79.0
449, 79.0
450, 76.0
451, 70.0
452, 73.0
453, 76.0
454, 77.0
455, 75.0
456, 73.0
457, 76.0
458, 78.0
459, 74.0
460, 79.0
461, 71.0
462, 74.0
463, 72.0
464, 74.0
465, 74.0
466, 76.0
467, 76.0
468, 83.0
469, 75.0
470, 76.0
471, 75.0
472, 74.0
473, 76.0
474, 77.0
475, 78.0
476, 79.0
477, 73.0
478, 77.0
479, 79.0
480, 76.0
481, 76.0
482, 79.0
483, 78.0
484, 72.0
485, 77.0
486, 78.0
487, 79.0
488, 79.0
489, 70.0
490, 76.0
491, 79.0
492, 74.0
493, 81.0
494, 69.0
495, 80.0
496, 74.0
497, 77.0
498, 73.0
499, 74.0
500, 76.0
501, 70.0
502, 78.0
503, 75.0
504, 74.0
505, 68.0
506, 72.0
507, 77.0
508, 76.0
509, 68.0
510, 74.0
511, 76.0
512, 77.0
513, 75.0
514, 74.0
515, 73.0
516, 74.0
517, 76.0
518, 75.0
519, 76.0
520, 74.0
521, 75.0
522, 76.0
523, 75.0
524, 76.0
525, 74.0
526, 78.0
527, 73.0
528, 75.0
529, 77.0
530, 73.0
531, 76.0
532, 73.0
533, 72.0
534, 76.0
535, 76.0
536, 77.0
537, 76.0
538, 75.0
539, 75.0
540, 76.0
541, 74.0
542, 74.0
543, 73.0
544, 78.0
545, 71.0
546, 78.0
547, 76.0
548, 80.0
549, 79.0
550, 78.0
551, 73.0
552, 79.0
553, 76.0
554, 77.0
555, 76.0
556, 80.0
557, 76.0
558, 78.0
559, 69.0
560, 81.0
561, 73.0
562, 74.0
563, 72.0
564, 74.0
565, 77.0
566, 72.0
567, 75.0
568, 77.0
569, 73.0
570, 73.0
571, 73.0
572, 74.0
573, 77.0
574, 72.0
575, 75.0
576, 76.0
577, 77.0
578, 77.0
579, 75.0
580, 72.0
581, 77.0
582, 76.0
583, 73.0
584, 75.0
585, 80.0
586, 78.0
587, 74.0
588, 74.0
589, 73.0
590, 78.0
591, 74.0
592, 75.0
593, 73.0
594, 76.0
595, 76.0
596, 77.0
597, 78.0
598, 74.0
599, 76.0
600, 75.0
601, 78.0
602, 76.0
603, 76.0
604, 76.0
605, 77.0
606, 74.0
607, 74.0
608, 76.0
609, 76.0
610, 68.0
611, 73.0
612, 75.0
613, 76.0
614, 72.0
615, 80.0
616, 81.0
617, 70.0
618, 75.0
619, 76.0
620, 75.0
621, 78.0
622, 76.0
623, 77.0
624, 77.0
625, 73.0
626, 77.0
627, 77.0
628, 75.0
629, 77.0
630, 77.0
631, 72.0
632, 75.0
633, 78.0
634, 76.0
635, 76.0
636, 73.0
637, 78.0
638, 79.0
639, 78.0
640, 76.0
641, 73.0
642, 74.0
643, 68.0
644, 77.0
645, 75.0
646, 75.0
647, 76.0
648, 76.0
649, 78.0
650, 74.0
651, 78.0
652, 76.0
653, 78.0
654, 78.0
655, 76.0
656, 79.0
657, 72.0
658, 75.0
659, 72.0
660, 75.0
661, 74.0
662, 76.0
663, 78.0
664, 76.0
665, 73.0
666, 72.0
667, 76.0
668, 76.0
669, 75.0
670, 76.0
671, 78.0
672, 76.0
673, 78.0
674, 76.0
675, 77.0
676, 73.0
677, 74.0
678, 78.0
679, 79.0
680, 75.0
681, 75.0
682, 78.0
683, 76.0
684, 74.0
685, 76.0
686, 77.0
687, 76.0
688, 78.0
689, 77.0
690, 72.0
691, 76.0
692, 71.0
693, 74.0
694, 77.0
695, 78.0
696, 74.0
697, 74.0
698, 74.0
699, 79.0
700, 80.0
701, 77.0
702, 77.0
703, 75.0
704, 78.0
705, 78.0
706, 78.0
707, 78.0
708, 76.0
709, 77.0
710, 73.0
711, 77.0
712, 73.0
713, 76.0
714, 75.0
715, 74.0
716, 77.0
717, 78.0
718, 73.0
719, 75.0
720, 73.0
721, 75.0
722, 73.0
723, 74.0
724, 75.0
725, 76.0
726, 73.0
727, 71.0
728, 75.0
729, 74.0
730, 77.0
731, 78.0
732, 71.0
733, 75.0
734, 74.0
735, 74.0
736, 77.0
737, 74.0
738, 78.0
739, 76.0
740, 76.0
741, 74.0
742, 78.0
743, 76.0
744, 72.0
745, 77.0
746, 73.0
747, 76.0
748, 71.0
749, 77.0
750, 70.0
751, 76.0
752, 72.0
753, 74.0
754, 79.0
755, 78.0
756, 75.0
757, 76.0
758, 76.0
759, 81.0
760, 73.0
761, 76.0
762, 72.0
763, 77.0
764, 81.0
765, 72.0
766, 79.0
767, 76.0
768, 72.0
769, 78.0
770, 78.0
771, 73.0
772, 71.0
773, 71.0
774, 77.0
775, 77.0
776, 72.0
777, 75.0
778, 77.0
779, 78.0
780, 76.0
781, 74.0
782, 78.0
783, 74.0
784, 77.0
785, 76.0
786, 81.0
787, 76.0
788, 72.0
789, 74.0
790, 77.0
791, 75.0
792, 75.0
793, 75.0
794, 78.0
795, 74.0
796, 74.0
797, 71.0
798, 77.0
799, 75.0
800, 77.0
801, 73.0
802, 76.0
803, 75.0
804, 77.0
805, 77.0
806, 76.0
807, 77.0
808, 76.0
809, 72.0
810, 76.0
811, 77.0
812, 76.0
813, 73.0
814, 75.0
815, 77.0
816, 72.0
817, 75.0
818, 73.0
819, 76.0
820, 77.0
821, 77.0
822, 77.0
823, 77.0
824, 77.0
825, 74.0
826, 77.0
827, 75.0
828, 76.0
829, 73.0
830, 78.0
831, 75.0
832, 72.0
833, 77.0
834, 73.0
835, 75.0
836, 78.0
837, 75.0
838, 76.0
839, 74.0
840, 75.0
841, 76.0
842, 76.0
843, 79.0
844, 71.0
845, 74.0
846, 73.0
847, 75.0
848, 76.0
849, 76.0
850, 76.0
851, 75.0
852, 79.0
853, 76.0
854, 76.0
855, 74.0
856, 75.0
857, 76.0
858, 77.0
859, 72.0
860, 71.0
861, 75.0
862, 73.0
863, 72.0
864, 75.0
865, 71.0
866, 75.0
867, 80.0
868, 77.0
869, 77.0
870, 78.0
871, 77.0
872, 74.0
873, 77.0
874, 75.0
875, 79.0
876, 76.0
877, 74.0
878, 75.0
879, 77.0
880, 78.0
881, 70.0
882, 74.0
883, 79.0
884, 76.0
885, 76.0
886, 75.0
887, 76.0
888, 77.0
889, 78.0
890, 72.0
891, 73.0
892, 74.0
893, 78.0
894, 79.0
895, 77.0
896, 75.0
897, 80.0
898, 75.0
899, 78.0
900, 75.0
901, 82.0
902, 77.0
903, 73.0
904, 77.0
905, 76.0
906, 76.0
907, 75.0
908, 74.0
909, 79.0
910, 77.0
911, 76.0
912, 76.0
913, 72.0
914, 75.0
915, 74.0
916, 75.0
917, 76.0
918, 80.0
919, 78.0
920, 77.0
921, 76.0
922, 74.0
923, 73.0
924, 75.0
925, 80.0
926, 78.0
927, 74.0
928, 75.0
929, 74.0
930, 81.0
931, 79.0
932, 79.0
933, 74.0
934, 72.0
935, 77.0
936, 72.0
937, 76.0
938, 76.0
939, 77.0
940, 73.0
941, 79.0
942, 76.0
943, 76.0
944, 76.0
945, 72.0
946, 72.0
947, 73.0
948, 71.0
949, 76.0
950, 75.0
951, 72.0
952, 75.0
953, 79.0
954, 72.0
955, 76.0
956, 74.0
957, 74.0
958, 74.0
959, 74.0
960, 77.0
961, 77.0
962, 75.0
963, 81.0
964, 80.0
965, 79.0
966, 82.0
967, 73.0
968, 79.0
969, 75.0
970, 73.0
971, 77.0
972, 79.0
973, 72.0
974, 76.0
975, 76.0
976, 77.0
977, 75.0
978, 73.0
979, 72.0
980, 72.0
981, 78.0
982, 78.0
983, 71.0
984, 75.0
985, 80.0
986, 75.0
987, 74.0
988, 76.0
989, 78.0
990, 77.0
991, 75.0
992, 72.0
993, 76.0
994, 77.0
995, 77.0
996, 73.0
997, 76.0
998, 73.0
999, 77.0
1000, 77.0
1001, 78.0
1002, 78.0
1003, 76.0
1004, 72.0
1005, 81.0
1006, 74.0
1007, 77.0
1008, 77.0
1009, 75.0
1010, 80.0
1011, 72.0
1012, 75.0
1013, 80.0
1014, 74.0
1015, 76.0
1016, 76.0
1017, 75.0
1018, 77.0
1019, 74.0
1020, 74.0
1021, 75.0
1022, 76.0
1023, 80.0
1024, 77.0
1025, 78.0
1026, 74.0
1027, 74.0
1028, 76.0
1029, 76.0
1030, 80.0
1031, 71.0
1032, 82.0
1033, 74.0
1034, 77.0
1035, 75.0
1036, 75.0
1037, 78.0
1038, 77.0
1039, 75.0
1040, 78.0
1041, 74.0
1042, 80.0
1043, 77.0
1044, 78.0
1045, 78.0
1046, 73.0
1047, 78.0
1048, 75.0
1049, 80.0
1050, 76.0
1051, 78.0
1052, 74.0
1053, 74.0
1054, 73.0
1055, 75.0
1056, 72.0
1057, 76.0
1058, 75.0
1059, 76.0
1060, 73.0
1061, 78.0
1062, 76.0
1063, 74.0
1064, 74.0
1065, 76.0
1066, 74.0
1067, 77.0
1068, 76.0
1069, 79.0
1070, 77.0
1071, 72.0
1072, 78.0
1073, 73.0
1074, 80.0
1075, 76.0
1076, 76.0
1077, 74.0
1078, 76.0
1079, 78.0
1080, 78.0
1081, 75.0
1082, 76.0
1083, 73.0
1084, 76.0
1085, 77.0
1086, 74.0
1087, 78.0
1088, 73.0
1089, 79.0
1090, 72.0
1091, 73.0
1092, 74.0
1093, 72.0
1094, 74.0
1095, 79.0
1096, 81.0
1097, 75.0
1098, 74.0
1099, 76.0
1100, 80.0
1101, 78.0
1102, 75.0
1103, 80.0
1104, 74.0
1105, 77.0
1106, 73.0
1107, 77.0
1108, 74.0
1109, 74.0
1110, 75.0
1111, 81.0
1112, 76.0
1113, 80.0
1114, 74.0
1115, 75.0
1116, 75.0
1117, 77.0
1118, 74.0
1119, 77.0
1120, 71.0
1121, 72.0
1122, 78.0
1123, 73.0
1124, 80.0
1125, 75.0
1126, 74.0
1127, 74.0
1128, 74.0
1129, 78.0
1130, 79.0
1131, 75.0
1132, 80.0
1133, 74.0
1134, 78.0
1135, 77.0
1136, 83.0
1137, 74.0
1138, 79.0
1139, 74.0
1140, 73.0
1141, 78.0
1142, 80.0
1143, 79.0
1144, 74.0
1145, 78.0
1146, 77.0
1147, 73.0
1148, 76.0
1149, 75.0
1150, 73.0
1151, 75.0
1152, 78.0
1153, 79.0
1154, 74.0
1155, 77.0
1156, 74.0
1157, 74.0
1158, 76.0
1159, 78.0
1160, 76.0
1161, 71.0
1162, 76.0
1163, 78.0
1164, 77.0
1165, 79.0
1166, 76.0
1167, 72.0
1168, 73.0
1169, 80.0
1170, 73.0
1171, 79.0
1172, 79.0
1173, 77.0
1174, 77.0
1175, 76.0
1176, 75.0
1177, 81.0
1178, 82.0
1179, 77.0
1180, 72.0
1181, 78.0
1182, 71.0
1183, 80.0
1184, 73.0
1185, 73.0
1186, 73.0
1187, 76.0
1188, 74.0
1189, 75.0
1190, 75.0
1191, 76.0
1192, 69.0
1193, 74.0
1194, 72.0
1195, 74.0
1196, 76.0
1197, 74.0
1198, 77.0
1199, 74.0
1200, 76.0
1201, 74.0
1202, 78.0
1203, 76.0
1204, 74.0
1205, 77.0
1206, 79.0
1207, 75.0
1208, 78.0
1209, 74.0
1210, 79.0
1211, 76.0
1212, 71.0
1213, 76.0
1214, 72.0
1215, 78.0
1216, 75.0
1217, 74.0
1218, 74.0
1219, 73.0
1220, 74.0
1221, 77.0
1222, 77.0
1223, 71.0
1224, 76.0
1225, 70.0
1226, 73.0
1227, 74.0
1228, 74.0
1229, 75.0
1230, 77.0
1231, 74.0
1232, 75.0
1233, 76.0
1234, 78.0
1235, 78.0
1236, 74.0
1237, 73.0
1238, 78.0
1239, 76.0
1240, 73.0
1241, 73.0
1242, 72.0
1243, 74.0
1244, 75.0
1245, 75.0
1246, 76.0
1247, 74.0
1248, 74.0
1249, 81.0
1250, 71.0
1251, 73.0
1252, 75.0
1253, 78.0
1254, 74.0
1255, 72.0
1256, 71.0
1257, 73.0
1258, 77.0
1259, 75.0
1260, 74.0
1261, 77.0
1262, 75.0
1263, 74.0
1264, 72.0
1265, 75.0
1266, 72.0
1267, 79.0
1268, 77.0
1269, 74.0
1270, 71.0
1271, 72.0
1272, 74.0
1273, 76.0
1274, 76.0
1275, 75.0
1276, 79.0
1277, 76.0
1278, 77.0
1279, 75.0
1280, 77.0
1281, 75.0
1282, 75.0
1283, 74.0
1284, 78.0
1285, 74.0
1286, 77.0
1287, 76.0
1288, 73.0
1289, 78.0
1290, 74.0
1291, 73.0
1292, 72.0
1293, 76.0
1294, 73.0
1295, 72.0
1296, 72.0
1297, 74.0
1298, 71.0
1299, 75.0
1300, 75.0
1301, 71.0
1302, 75.0
1303, 79.0
1304, 77.0
1305, 74.0
1306, 78.0
1307, 77.0
1308, 79.0
1309, 76.0
1310, 74.0
1311, 76.0
1312, 78.0
1313, 76.0
1314, 73.0
1315, 71.0
1316, 76.0
1317, 79.0
1318, 70.0
1319, 71.0
1320, 74.0
1321, 75.0
1322, 77.0
1323, 78.0
1324, 79.0
1325, 76.0
1326, 78.0
1327, 74.0
1328, 73.0
1329, 73.0
1330, 76.0
1331, 77.0
1332, 76.0
1333, 78.0
1334, 76.0
1335, 78.0
1336, 79.0
1337, 76.0
1338, 73.0
1339, 77.0
1340, 71.0
1341, 77.0
1342, 71.0
1343, 75.0
1344, 74.0
1345, 76.0
1346, 77.0
1347, 78.0
1348, 74.0
1349, 74.0
1350, 78.0
1351, 74.0
1352, 72.0
1353, 72.0
1354, 75.0
1355, 75.0
1356, 77.0
1357, 72.0
1358, 76.0
1359, 77.0
1360, 74.0
1361, 76.0
1362, 78.0
1363, 73.0
1364, 77.0
1365, 78.0
1366, 74.0
1367, 77.0
1368, 73.0
1369, 83.0
1370, 76.0
1371, 78.0
1372, 83.0
1373, 76.0
1374, 80.0
1375, 72.0
1376, 77.0
1377, 75.0
1378, 80.0
1379, 77.0
1380, 78.0
1381, 76.0
1382, 74.0
1383, 74.0
1384, 74.0
1385, 76.0
1386, 74.0
1387, 76.0
1388, 76.0
1389, 77.0
1390, 73.0
1391, 73.0
1392, 73.0
1393, 78.0
1394, 72.0
1395, 76.0
1396, 74.0
1397, 71.0
1398, 75.0
1399, 75.0
1400, 74.0
1401, 75.0
1402, 78.0
1403, 72.0
1404, 76.0
1405, 73.0
1406, 71.0
1407, 74.0
1408, 72.0
1409, 75.0
1410, 76.0
1411, 74.0
1412, 74.0
1413, 76.0
1414, 74.0
1415, 76.0
1416, 79.0
1417, 74.0
1418, 80.0
1419, 74.0
1420, 76.0
1421, 80.0
1422, 70.0
1423, 74.0
1424, 72.0
1425, 74.0
1426, 75.0
1427, 78.0
1428, 74.0
1429, 74.0
1430, 73.0
1431, 71.0
1432, 74.0
1433, 74.0
1434, 75.0
1435, 75.0
1436, 74.0
1437, 78.0
1438, 73.0
1439, 74.0
1440, 76.0
1441, 77.0
1442, 76.0
1443, 75.0
1444, 75.0
1445, 73.0
1446, 72.0
1447, 75.0
1448, 78.0
1449, 73.0
1450, 75.0
1451, 73.0
1452, 77.0
1453, 78.0
1454, 74.0
1455, 76.0
1456, 73.0
1457, 70.0
1458, 76.0
1459, 71.0
1460, 73.0
1461, 79.0
1462, 74.0
1463, 74.0
1464, 78.0
1465, 70.0
1466, 72.0
1467, 73.0
1468, 76.0
1469, 75.0
1470, 80.0
1471, 76.0
1472, 71.0
1473, 75.0
1474, 74.0
1475, 76.0
1476, 73.0
1477, 78.0
1478, 72.0
1479, 72.0
1480, 72.0
1481, 78.0
1482, 72.0
1483, 71.0
1484, 74.0
1485, 76.0
1486, 74.0
1487, 69.0
1488, 69.0
1489, 74.0
1490, 73.0
1491, 76.0
1492, 70.0
1493, 75.0
1494, 77.0
1495, 75.0
1496, 76.0
1497, 74.0
1498, 78.0
1499, 76.0
1500, 73.0
1501, 76.0
1502, 72.0
1503, 72.0
1504, 75.0
1505, 73.0
1506, 75.0
1507, 73.0
1508, 75.0
1509, 73.0
1510, 79.0
1511, 74.0
1512, 73.0
1513, 73.0
1514, 69.0
1515, 73.0
1516, 75.0
1517, 77.0
1518, 71.0
1519, 73.0
1520, 74.0
1521, 78.0
1522, 77.0
1523, 74.0
1524, 75.0
1525, 73.0
1526, 73.0
1527, 73.0
1528, 79.0
1529, 73.0
1530, 78.0
1531, 75.0
1532, 71.0
1533, 71.0
1534, 70.0
1535, 74.0
1536, 77.0
1537, 72.0
1538, 74.0
1539, 75.0
1540, 77.0
1541, 71.0
1542, 77.0
1543, 80.0
1544, 73.0
1545, 74.0
1546, 75.0
1547, 74.0
1548, 74.0
1549, 75.0
1550, 71.0
1551, 78.0
1552, 74.0
1553, 73.0
1554, 72.0
1555, 76.0
1556, 72.0
1557, 73.0
1558, 79.0
1559, 73.0
1560, 70.0
1561, 71.0
1562, 78.0
1563, 74.0
1564, 75.0
1565, 76.0
1566, 75.0
1567, 72.0
1568, 76.0
1569, 70.0
1570, 74.0
1571, 78.0
1572, 73.0
1573, 78.0
1574, 75.0
1575, 75.0
1576, 73.0
1577, 73.0
1578, 75.0
1579, 70.0
1580, 78.0
1581, 76.0
1582, 75.0
1583, 76.0
1584, 77.0
1585, 73.0
1586, 73.0
1587, 74.0
1588, 74.0
1589, 75.0
1590, 77.0
1591, 74.0
1592, 72.0
1593, 72.0
1594, 76.0
1595, 72.0
1596, 73.0
1597, 76.0
1598, 78.0
1599, 76.0
1600, 70.0
1601, 77.0
1602, 75.0
1603, 79.0
1604, 72.0
1605, 72.0
1606, 72.0
1607, 69.0
1608, 73.0
1609, 72.0
1610, 75.0
1611, 69.0
1612, 74.0
1613, 75.0
1614, 79.0
1615, 76.0
1616, 71.0
1617, 77.0
1618, 79.0
1619, 76.0
1620, 78.0
1621, 75.0
1622, 77.0
1623, 69.0
1624, 73.0
1625, 76.0
1626, 76.0
1627, 72.0
1628, 74.0
1629, 75.0
1630, 74.0
1631, 78.0
1632, 70.0
1633, 78.0
1634, 72.0
1635, 75.0
1636, 83.0
1637, 70.0
1638, 75.0
1639, 76.0
1640, 76.0
1641, 76.0
1642, 76.0
1643, 73.0
1644, 77.0
1645, 74.0
1646, 76.0
1647, 75.0
1648, 75.0
1649, 75.0
1650, 75.0
1651, 75.0
1652, 73.0
1653, 73.0
1654, 78.0
1655, 76.0
1656, 77.0
1657, 73.0
1658, 73.0
1659, 76.0
1660, 79.0
1661, 74.0
1662, 71.0
1663, 73.0
1664, 75.0
1665, 77.0
1666, 78.0
1667, 75.0
1668, 77.0
1669, 72.0
1670, 69.0
1671, 75.0
1672, 80.0
1673, 71.0
1674, 80.0
1675, 75.0
1676, 77.0
1677, 78.0
1678, 73.0
1679, 70.0
1680, 71.0
1681, 72.0
1682, 73.0
1683, 77.0
1684, 72.0
1685, 72.0
1686, 77.0
1687, 79.0
1688, 79.0
1689, 74.0
1690, 70.0
1691, 77.0
1692, 72.0
1693, 77.0
1694, 72.0
1695, 73.0
1696, 75.0
1697, 75.0
1698, 72.0
1699, 74.0
1700, 71.0
1701, 78.0
1702, 76.0
1703, 78.0
1704, 75.0
1705, 69.0
1706, 76.0
1707, 73.0
1708, 74.0
1709, 77.0
1710, 70.0
1711, 75.0
1712, 75.0
1713, 74.0
1714, 78.0
1715, 74.0
1716, 73.0
1717, 76.0
1718, 71.0
1719, 75.0
1720, 77.0
1721, 78.0
1722, 76.0
1723, 79.0
1724, 72.0
1725, 79.0
1726, 76.0
1727, 78.0
1728, 78.0
1729, 79.0
1730, 74.0
1731, 77.0
1732, 77.0
1733, 77.0
1734, 74.0
1735, 77.0
1736, 77.0
1737, 77.0
1738, 77.0
1739, 83.0
1740, 78.0
1741, 77.0
1742, 74.0
1743, 81.0
1744, 84.0
1745, 84.0
1746, 84.0
1747, 78.0
1748, 77.0
1749, 81.0
1750, 80.0
1751, 84.0
1752, 80.0
1753, 80.0
1754, 79.0
1755, 88.0
1756, 88.0
1757, 83.0
1758, 84.0
1759, 83.0
1760, 94.0
1761, 96.0
1762, 92.0
1763, 86.0
1764,101.0
1765,142.0
1766,134.0
1767,112.0
1768,131.0
1769,266.0
1770,401.0
1771,400.0
1772,485.0
1773,988.0
1774,1986.0
1775,2946.0
1776,3014.0
1777,2221.0
1778,1217.0
1779,588.0
1780,396.0
1781,315.0
1782,206.0
1783,132.0
1784,120.0
1785,118.0
1786,108.0
1787, 99.0
1788, 98.0
1789, 92.0
1790, 94.0
1791, 91.0
1792, 84.0
1793, 98.0
1794, 85.0
1795, 90.0
1796, 84.0
1797, 80.0
1798, 77.0
1799, 85.0
1800, 81.0
1801, 80.0
1802, 84.0
1803, 77.0
1804, 75.0
1805, 78.0
1806, 77.0
1807, 78.0
1808, 77.0
1809, 79.0
1810, 79.0
1811, 79.0
1812, 77.0
1813, 75.0
1814, 78.0
1815, 77.0
1816, 76.0
1817, 79.0
1818, 83.0
1819, 75.0
1820, 79.0
1821, 77.0
1822, 77.0
1823, 76.0
1824, 72.0
1825, 77.0
1826, 79.0
1827, 77.0
1828, 78.0
1829, 78.0
1830, 80.0
1831, 71.0
1832, 76.0
1833, 75.0
1834, 76.0
1835, 73.0
1836, 80.0
1837, 75.0
1838, 77.0
1839, 75.0
1840, 78.0
1841, 75.0
1842, 71.0
1843, 74.0
1844, 70.0
1845, 77.0
1846, 71.0
1847, 77.0
1848, 78.0
1849, 74.0
1850, 74.0
1851, 75.0
1852, 76.0
1853, 75.0
1854, 76.0
1855, 76.0
1856, 73.0
1857, 73.0
1858, 74.0
1859, 73.0
1860, 76.0
1861, 77.0
1862, 75.0
1863, 70.0
1864, 76.0
1865, 77.0
1866, 70.0
1867, 74.0
1868, 75.0
1869, 71.0
1870, 70.0
1871, 75.0
1872, 79.0
1873, 75.0
1874, 69.0
1875, 72.0
1876, 77.0
1877, 78.0
1878, 73.0
1879, 75.0
1880, 77.0
1881, 72.0
1882, 70.0
1883, 75.0
1884, 75.0
1885, 74.0
1886, 79.0
1887, 72.0
1888, 72.0
1889, 74.0
1890, 73.0
1891, 70.0
1892, 71.0
1893, 78.0
1894, 72.0
1895, 75.0
1896, 74.0
1897, 76.0
1898, 69.0
1899, 77.0
1900, 72.0
1901, 76.0
1902, 76.0
1903, 72.0
1904, 78.0
1905, 75.0
1906, 71.0
1907, 77.0
1908, 77.0
1909, 72.0
1910, 72.0
1911, 74.0
1912, 76.0
1913, 68.0
1914, 72.0
1915, 73.0
1916, 75.0
1917, 74.0
1918, 70.0
1919, 76.0
1920, 68.0
1921, 75.0
1922, 75.0
1923, 73.0
1924, 73.0
1925, 76.0
1926, 70.0
1927, 72.0
1928, 70.0
1929, 74.0
1930, 75.0
1931, 73.0
1932, 77.0
1933, 74.0
1934, 72.0
1935, 73.0
1936, 73.0
1937, 78.0
1938, 72.0
1939, 73.0
1940, 72.0
1941, 74.0
1942, 78.0
1943, 69.0
1944, 77.0
1945, 71.0
1946, 75.0
1947, 77.0
1948, 77.0
1949, 74.0
1950, 77.0
1951, 72.0
1952, 74.0
1953, 76.0
1954, 68.0
1955, 79.0
1956, 76.0
1957, 75.0
1958, 70.0
1959, 76.0
1960, 74.0
1961, 73.0
1962, 72.0
1963, 79.0
1964, 75.0
1965, 71.0
1966, 69.0
1967, 72.0
1968, 79.0
1969, 71.0
1970, 75.0
1971, 74.0
1972, 76.0
1973, 74.0
1974, 74.0
1975, 76.0
1976, 71.0
1977, 75.0
1978, 72.0
1979, 72.0
1980, 70.0
1981, 75.0
1982, 69.0
1983, 75.0
1984, 77.0
1985, 74.0
1986, 73.0
1987, 72.0
1988, 71.0
1989, 72.0
1990, 74.0
1991, 71.0
1992, 76.0
1993, 75.0
1994, 75.0
1995, 73.0
1996, 73.0
1997, 72.0
1998, 72.0
1999, 77.0
2000, 70.0
2001, 69.0
2002, 74.0
2003, 72.0
2004, 72.0
2005, 75.0
2006, 74.0
2007, 70.0
2008, 74.0
2009, 73.0
2010, 78.0
2011, 72.0
2012, 68.0
2013, 72.0
2014, 68.0
2015, 76.0
2016, 71.0
2017, 75.0
2018, 73.0
2019, 76.0
2020, 72.0
2021, 73.0
2022, 70.0
2023, 76.0
2024, 73.0
2025, 76.0
2026, 70.0
2027, 71.0
2028, 70.0
2029, 76.0
2030, 70.0
2031, 71.0
2032, 73.0
2033, 72.0
2034, 75.0
2035, 73.0
2036, 76.0
2037, 74.0
2038, 69.0
2039, 73.0
2040, 68.0
2041, 70.0
2042, 78.0
2043, 70.0
2044, 74.0
2045, 73.0
2046, 73.0
2047, 71.0
2048, 75.0
2049, 72.0
2050, 73.0
2051, 73.0
2052, 73.0
2053, 72.0
2054, 72.0
2055, 75.0
2056, 72.0
2057, 73.0
2058, 73.0
2059, 74.0
2060, 70.0
2061, 73.0
2062, 70.0
2063, 77.0
2064, 73.0
2065, 74.0
2066, 75.0
2067, 74.0
2068, 74.0
2069, 72.0
2070, 76.0
2071, 68.0
2072, 67.0
2073, 75.0
2074, 74.0
2075, 75.0
2076, 74.0
2077, 70.0
2078, 72.0
2079, 74.0
2080, 67.0
2081, 72.0
2082, 70.0
2083, 73.0
2084, 74.0
2085, 69.0
2086, 72.0
2087, 72.0
2088, 72.0
2089, 74.0
2090, 71.0
2091, 72.0
2092, 68.0
2093, 69.0
2094, 81.0
2095, 73.0
2096, 71.0
2097, 76.0
2098, 69.0
2099, 72.0
2100, 72.0
2101, 75.0
2102, 70.0
2103, 72.0
2104, 76.0
2105, 76.0
2106, 73.0
2107, 77.0
2108, 75.0
2109, 73.0
2110, 70.0
2111, 74.0
2112, 69.0
2113, 72.0
2114, 71.0
2115, 73.0
2116, 70.0
2117, 72.0
2118, 70.0
2119, 68.0
2120, 70.0
2121, 71.0
2122, 74.0
2123, 71.0
2124, 70.0
2125, 66.0
2126, 71.0
2127, 69.0
2128, 71.0
2129, 78.0
2130, 72.0
2131, 67.0
2132, 73.0
2133, 70.0
2134, 73.0
2135, 72.0
2136, 72.0
2137, 72.0
2138, 68.0
2139, 74.0
2140, 71.0
2141, 73.0
2142, 68.0
2143, 75.0
2144, 73.0
2145, 75.0
2146, 74.0
2147, 72.0
2148, 70.0
2149, 71.0
2150, 76.0
2151, 68.0
2152, 70.0
2153, 74.0
2154, 74.0
2155, 73.0
2156, 67.0
2157, 71.0
2158, 72.0
2159, 74.0
2160, 74.0
2161, 78.0
2162, 75.0
2163, 71.0
2164, 73.0
2165, 74.0
2166, 77.0
2167, 70.0
2168, 68.0
2169, 70.0
2170, 76.0
2171, 74.0
2172, 71.0
2173, 73.0
2174, 70.0
2175, 73.0
2176, 72.0
2177, 72.0
2178, 73.0
2179, 70.0
2180, 71.0
2181, 72.0
2182, 72.0
2183, 75.0
2184, 72.0
2185, 73.0
2186, 72.0
2187, 68.0
2188, 72.0
2189, 69.0
2190, 69.0
2191, 75.0
2192, 70.0
2193, 71.0
2194, 75.0
2195, 78.0
2196, 68.0
2197, 75.0
2198, 70.0
2199, 69.0
2200, 78.0
2201, 72.0
2202, 71.0
2203, 73.0
2204, 71.0
2205, 75.0
2206, 74.0
2207, 69.0
2208, 69.0
2209, 73.0
2210, 71.0
2211, 72.0
2212, 74.0
2213, 67.0
2214, 75.0
2215, 68.0
2216, 74.0
2217, 70.0
2218, 72.0
2219, 74.0
2220, 72.0
2221, 71.0
2222, 73.0
2223, 72.0
2224, 77.0
2225, 72.0
2226, 75.0
2227, 76.0
2228, 71.0
2229, 77.0
2230, 74.0
2231, 74.0
2232, 71.0
2233, 73.0
2234, 75.0
2235, 77.0
2236, 76.0
2237, 76.0
2238, 69.0
2239, 77.0
2240, 72.0
2241, 75.0
2242, 70.0
2243, 70.0
2244, 75.0
2245, 76.0
2246, 73.0
2247, 75.0
2248, 75.0
2249, 73.0
2250, 72.0
2251, 76.0
2252, 72.0
2253, 71.0
2254, 72.0
2255, 75.0
2256, 72.0
2257, 71.0
2258, 73.0
2259, 72.0
2260, 72.0
2261, 72.0
2262, 71.0
2263, 74.0
2264, 71.0
2265, 74.0
2266, 74.0
2267, 75.0
2268, 72.0
2269, 72.0
2270, 69.0
2271, 69.0
2272, 78.0
2273, 71.0
2274, 73.0
2275, 69.0
2276, 75.0
2277, 76.0
2278, 74.0
2279, 78.0
2280, 74.0
2281, 69.0
2282, 72.0
2283, 70.0
2284, 77.0
2285, 78.0
2286, 73.0
2287, 70.0
2288, 75.0
2289, 74.0
2290, 72.0
2291, 72.0
2292, 70.0
2293, 70.0
2294, 72.0
2295, 75.0
2296, 72.0
2297, 77.0
2298, 75.0
2299, 73.0
2300, 73.0
2301, 70.0
2302, 76.0
2303, 75.0
2304, 77.0
2305, 75.0
2306, 74.0
2307, 76.0
2308, 72.0
2309, 67.0
2310, 68.0
2311, 75.0
2312, 73.0
2313, 75.0
2314, 70.0
2315, 74.0
2316, 73.0
2317, 71.0
2318, 70.0
2319, 75.0
2320, 71.0
2321, 72.0
2322, 72.0
2323, 69.0
2324, 72.0
2325, 73.0
2326, 73.0
2327, 74.0
2328, 73.0
2329, 67.0
2330, 74.0
2331, 72.0
2332, 77.0
2333, 71.0
2334, 72.0
2335, 65.0
2336, 72.0
2337, 71.0
2338, 68.0
2339, 70.0
2340, 75.0
2341, 73.0
2342, 73.0
2343, 71.0
2344, 76.0
2345, 74.0
2346, 74.0
2347, 72.0
2348, 70.0
2349, 73.0
2350, 74.0
2351, 77.0
2352, 74.0
2353, 70.0
2354, 71.0
2355, 73.0
2356, 73.0
2357, 76.0
2358, 71.0
2359, 70.0
2360, 72.0
2361, 72.0
2362, 74.0
2363, 74.0
2364, 72.0
2365, 73.0
2366, 70.0
2367, 73.0
2368, 74.0
2369, 69.0
2370, 76.0
2371, 74.0
2372, 72.0
2373, 75.0
2374, 73.0
2375, 76.0
2376, 71.0
2377, 75.0
2378, 72.0
2379, 73.0
2380, 76.0
2381, 72.0
2382, 67.0
2383, 79.0
2384, 72.0
2385, 68.0
2386, 70.0
2387, 68.0
2388, 70.0
2389, 70.0
2390, 75.0
2391, 72.0
2392, 69.0
2393, 72.0
2394, 72.0
2395, 72.0
2396, 71.0
2397, 68.0
2398, 77.0
2399, 70.0
2400, 73.0
2401, 75.0
2402, 73.0
2403, 67.0
2404, 76.0
2405, 75.0
2406, 76.0
2407, 74.0
2408, 74.0
2409, 72.0
2410, 68.0
2411, 76.0
2412, 76.0
2413, 71.0
2414, 75.0
2415, 75.0
2416, 68.0
2417, 72.0
2418, 77.0
2419, 74.0
2420, 75.0
2421, 71.0
2422, 73.0
2423, 71.0
2424, 74.0
2425, 71.0
2426, 72.0
2427, 73.0
2428, 73.0
2429, 75.0
2430, 72.0
2431, 70.0
2432, 72.0
2433, 71.0
2434, 72.0
2435, 71.0
2436, 74.0
2437, 72.0
2438, 72.0
2439, 72.0
2440, 75.0
2441, 71.0
2442, 70.0
2443, 70.0
2444, 72.0
2445, 71.0
2446, 72.0
2447, 75.0
2448, 74.0
2449, 71.0
2450, 69.0
2451, 71.0
2452, 72.0
2453, 68.0
2454, 67.0
2455, 69.0
2456, 74.0
2457, 72.0
2458, 73.0
2459, 74.0
2460, 69.0
2461, 75.0
2462, 70.0
2463, 71.0
2464, 75.0
2465, 75.0
2466, 75.0
2467, 75.0
2468, 80.0
2469, 72.0
2470, 70.0
2471, 73.0
2472, 71.0
2473, 69.0
2474, 73.0
2475, 69.0
2476, 74.0
2477, 72.0
2478, 72.0
2479, 76.0
2480, 73.0
2481, 73.0
2482, 72.0
2483, 79.0
2484, 73.0
2485, 73.0
2486, 73.0
2487, 70.0
2488, 72.0
2489, 75.0
2490, 75.0
2491, 67.0
2492, 74.0
2493, 76.0
2494, 71.0
2495, 73.0
2496, 73.0
2497, 73.0
2498, 69.0
2499, 74.0
2500, 70.0
2501, 73.0
2502, 78.0
2503, 72.0
2504, 72.0
2505, 73.0
2506, 75.0
2507, 74.0
2508, 77.0
2509, 71.0
2510, 76.0
2511, 71.0
2512, 75.0
2513, 76.0
2514, 72.0
2515, 74.0
2516, 76.0
2517, 68.0
2518, 71.0
2519, 74.0
2520, 68.0
2521, 72.0
2522, 71.0
2523, 71.0
2524, 77.0
2525, 72.0
2526, 71.0
2527, 74.0
2528, 73.0
2529, 73.0
2530, 72.0
2531, 74.0
2532, 77.0
2533, 70.0
2534, 73.0
2535, 75.0
2536, 74.0
2537, 70.0
2538, 73.0
2539, 73.0
2540, 76.0
2541, 74.0
2542, 67.0
2543, 79.0
2544, 71.0
2545, 75.0
2546, 75.0
2547, 73.0
2548, 75.0
2549, 74.0
2550, 71.0
2551, 75.0
2552, 71.0
2553, 74.0
2554, 76.0
2555, 77.0
2556, 69.0
2557, 72.0
2558, 73.0
2559, 75.0
2560, 72.0
2561, 75.0
2562, 74.0
2563, 71.0
2564, 73.0
2565, 71.0
2566, 72.0
2567, 73.0
2568, 72.0
2569, 75.0
2570, 71.0
2571, 72.0
2572, 73.0
2573, 72.0
2574, 75.0
2575, 74.0
2576, 76.0
2577, 71.0
2578, 71.0
2579, 73.0
2580, 71.0
2581, 73.0
2582, 72.0
2583, 69.0
2584, 77.0
2585, 72.0
2586, 68.0
2587, 69.0
2588, 68.0
2589, 66.0
2590, 74.0
2591, 74.0
2592, 75.0
2593, 74.0
2594, 76.0
2595, 70.0
2596, 78.0
2597, 71.0
2598, 74.0
2599, 72.0
2600, 78.0
2601, 68.0
2602, 75.0
2603, 72.0
2604, 76.0
2605, 73.0
2606, 72.0
2607, 72.0
2608, 67.0
2609, 71.0
2610, 71.0
2611, 67.0
2612, 70.0
2613, 73.0
2614, 74.0
2615, 71.0
2616, 73.0
2617, 70.0
2618, 74.0
2619, 70.0
2620, 68.0
2621, 71.0
2622, 69.0
2623, 67.0
2624, 75.0
2625, 74.0
2626, 69.0
2627, 70.0
2628, 72.0
2629, 73.0
2630, 71.0
2631, 76.0
2632, 74.0
2633, 76.0
2634, 66.0
2635, 78.0
2636, 74.0
2637, 74.0
2638, 72.0
2639, 76.0
2640, 70.0
2641, 68.0
2642, 73.0
2643, 74.0
2644, 73.0
2645, 74.0
2646, 70.0
2647, 73.0
2648, 69.0
2649, 75.0
2650, 70.0
2651, 75.0
2652, 74.0
2653, 74.0
2654, 77.0
2655, 70.0
2656, 74.0
2657, 73.0
2658, 68.0
2659, 73.0
2660, 73.0
2661, 68.0
2662, 75.0
2663, 72.0
2664, 72.0
2665, 71.0
2666, 72.0
2667, 75.0
2668, 73.0
2669, 69.0
2670, 74.0
2671, 72.0
2672, 77.0
2673, 67.0
2674, 71.0
2675, 73.0
2676, 77.0
2677, 68.0
2678, 74.0
2679, 71.0
2680, 71.0
2681, 76.0
2682, 73.0
2683, 73.0
2684, 66.0
2685, 70.0
2686, 73.0
2687, 70.0
2688, 73.0
2689, 72.0
2690, 73.0
2691, 73.0
2692, 72.0
2693, 72.0
2694, 70.0
2695, 70.0
2696, 70.0
2697, 70.0
2698, 74.0
2699, 74.0
2700, 69.0
2701, 67.0
2702, 72.0
2703, 72.0
2704, 75.0
2705, 76.0
2706, 72.0
2707, 74.0
2708, 70.0
2709, 72.0
2710, 74.0
2711, 70.0
2712, 73.0
2713, 67.0
2714, 74.0
2715, 73.0
2716, 74.0
2717, 73.0
2718, 73.0
2719, 67.0
2720, 75.0
2721, 74.0
2722, 78.0
2723, 76.0
2724, 76.0
2725, 72.0
2726, 74.0
2727, 69.0
2728, 72.0
2729, 74.0
2730, 73.0
2731, 71.0
2732, 76.0
2733, 69.0
2734, 74.0
2735, 72.0
2736, 70.0
2737, 72.0
2738, 70.0
2739, 70.0
2740, 72.0
2741, 70.0
2742, 75.0
2743, 71.0
2744, 75.0
2745, 75.0
2746, 70.0
2747, 74.0
2748, 74.0
2749, 77.0
2750, 75.0
2751, 73.0
2752, 69.0
2753, 72.0
2754, 74.0
2755, 70.0
2756, 66.0
2757, 71.0
2758, 74.0
2759, 69.0
2760, 75.0
2761, 74.0
2762, 71.0
2763, 72.0
2764, 76.0
2765, 70.0
2766, 71.0
2767, 74.0
2768, 72.0
2769, 75.0
2770, 74.0
2771, 73.0
2772, 76.0
2773, 74.0
2774, 74.0
2775, 73.0
2776, 74.0
2777, 73.0
2778, 71.0
2779, 78.0
2780, 71.0
2781, 69.0
2782, 74.0
2783, 73.0
2784, 74.0
2785, 74.0
2786, 73.0
2787, 70.0
2788, 75.0
2789, 72.0
2790, 70.0
2791, 75.0
2792, 66.0
2793, 75.0
2794, 69.0
2795, 72.0
2796, 75.0
2797, 68.0
2798, 72.0
2799, 74.0
2800, 72.0
2801, 69.0
2802, 73.0
2803, 70.0
2804, 70.0
2805, 77.0
2806, 73.0
2807, 72.0
2808, 73.0
2809, 72.0
2810, 73.0
2811, 74.0
2812, 71.0
2813, 75.0
2814, 71.0
2815, 74.0
2816, 76.0
2817, 72.0
2818, 72.0
2819, 68.0
2820, 77.0
2821, 74.0
2822, 71.0
2823, 70.0
2824, 71.0
2825, 72.0
2826, 72.0
2827, 76.0
2828, 75.0
2829, 78.0
2830, 76.0
2831, 73.0
2832, 68.0
2833, 71.0
2834, 72.0
2835, 76.0
2836, 76.0
2837, 75.0
2838, 73.0
2839, 70.0
2840, 74.0
2841, 73.0
2842, 75.0
2843, 74.0
2844, 70.0
2845, 74.0
2846, 74.0
2847, 78.0
2848, 75.0
2849, 72.0
2850, 72.0
2851, 78.0
2852, 72.0
2853, 75.0
2854, 69.0
2855, 73.0
2856, 75.0
2857, 68.0
2858, 74.0
2859, 73.0
2860, 75.0
2861, 70.0
2862, 74.0
2863, 72.0
2864, 73.0
2865, 69.0
2866, 72.0
2867, 72.0
2868, 74.0
2869, 71.0
2870, 74.0
2871, 74.0
2872, 69.0
2873, 74.0
2874, 71.0
2875, 69.0
2876, 72.0
2877, 75.0
2878, 72.0
2879, 73.0
2880, 75.0
2881, 70.0
2882, 76.0
2883, 71.0
2884, 74.0
2885, 71.0
2886, 71.0
2887, 74.0
2888, 73.0
2889, 75.0
2890, 73.0
2891, 70.0
2892, 75.0
2893, 75.0
2894, 69.0
2895, 78.0
2896, 73.0
2897, 75.0
2898, 70.0
2899, 76.0
2900, 76.0
2901, 74.0
2902, 75.0
2903, 72.0
2904, 74.0
2905, 76.0
2906, 74.0
2907, 66.0
2908, 74.0
2909, 77.0
2910, 73.0
2911, 71.0
2912, 66.0
2913, 68.0
2914, 71.0
2915, 74.0
2916, 74.0
2917, 73.0
2918, 70.0
2919, 72.0
2920, 71.0
2921, 73.0
2922, 69.0
2923, 71.0
2924, 74.0
2925, 72.0
2926, 71.0
2927, 71.0
2928, 72.0
2929, 73.0
2930, 76.0
2931, 77.0
2932, 75.0
2933, 69.0
2934, 73.0
2935, 73.0
2936, 75.0
2937, 74.0
2938, 71.0
2939, 73.0
2940, 75.0
2941, 72.0
2942, 74.0
2943, 79.0
2944, 73.0
2945, 73.0
2946, 75.0
2947, 76.0
2948, 72.0
2949, 72.0
2950, 72.0
2951, 74.0
2952, 72.0
2953, 76.0
2954, 77.0
2955, 73.0
2956, 73.0
2957, 70.0
2958, 72.0
2959, 77.0
2960, 67.0
2961, 73.0
2962, 75.0
2963, 72.0
2964, 71.0
2965, 74.0
2966, 77.0
2967, 66.0
2968, 78.0
2969, 71.0
2970, 75.0
2971, 74.0
2972, 74.0
2973, 71.0
2974, 75.0
2975, 74.0
2976, 74.0
2977, 70.0
2978, 69.0
2979, 72.0
2980, 74.0
2981, 72.0
2982, 71.0
2983, 73.0
2984, 71.0
2985, 76.0
2986, 71.0
2987, 76.0
2988, 73.0
2989, 73.0
2990, 75.0
2991, 76.0
2992, 72.0
2993, 72.0
2994, 74.0
2995, 74.0
2996, 74.0
2997, 73.0
2998, 75.0
2999, 72.0
3000, 69.0
3001, 74.0
3002, 76.0
3003, 72.0
3004, 71.0
3005, 74.0
3006, 76.0
3007, 76.0
3008, 73.0
3009, 70.0
3010, 75.0
3011, 72.0
3012, 70.0
3013, 72.0
3014, 68.0
3015, 68.0
3016, 72.0
3017, 76.0
3018, 69.0
3019, 74.0
3020, 72.0
3021, 70.0
3022, 77.0
3023, 74.0
3024, 76.0
3025, 73.0
3026, 76.0
3027, 72.0
3028, 69.0
3029, 75.0
3030, 68.0
3031, 75.0
3032, 72.0
3033, 70.0
3034, 76.0
3035, 68.0
3036, 72.0
3037, 69.0
3038, 71.0
3039, 72.0
3040, 73.0
3041, 71.0
3042, 79.0
3043, 78.0
3044, 75.0
3045, 76.0
3046, 73.0
3047, 69.0
3048, 74.0
3049, 74.0
3050, 71.0
3051, 74.0
3052, 73.0
3053, 73.0
3054, 73.0
3055, 72.0
3056, 74.0
3057, 71.0
3058, 74.0
3059, 76.0
3060, 72.0
3061, 77.0
3062, 75.0
3063, 74.0
3064, 74.0
3065, 74.0
3066, 70.0
3067, 74.0
3068, 73.0
3069, 71.0
3070, 73.0
3071, 73.0
3072, 75.0
3073, 69.0
3074, 72.0
3075, 74.0
3076, 72.0
3077, 73.0
3078, 70.0
3079, 73.0
3080, 78.0
3081, 70.0
3082, 76.0
3083, 78.0
3084, 70.0
3085, 69.0
3086, 70.0
3087, 68.0
3088, 68.0
3089, 75.0
3090, 70.0
3091, 70.0
3092, 68.0
3093, 72.0
3094, 69.0
3095, 74.0
3096, 71.0
3097, 73.0
3098, 72.0
3099, 70.0
3100, 74.0
3101, 75.0
3102, 75.0
3103, 75.0
3104, 71.0
3105, 75.0
3106, 70.0
3107, 69.0
3108, 72.0
3109, 74.0
3110, 71.0
3111, 75.0
3112, 72.0
3113, 70.0
3114, 74.0
3115, 75.0
3116, 71.0
3117, 73.0
3118, 72.0
3119, 71.0
3120, 70.0
3121, 76.0
3122, 73.0
3123, 71.0
3124, 74.0
3125, 73.0
3126, 76.0
3127, 70.0
3128, 73.0
3129, 78.0
3130, 69.0
3131, 73.0
3132, 73.0
3133, 73.0
3134, 73.0
3135, 74.0
3136, 74.0
3137, 75.0
3138, 76.0
3139, 69.0
3140, 72.0
3141, 79.0
3142, 70.0
3143, 71.0
3144, 76.0
3145, 76.0
3146, 79.0
3147, 72.0
3148, 72.0
3149, 70.0
3150, 74.0
3151, 73.0
3152, 74.0
3153, 74.0
3154, 70.0
3155, 76.0
3156, 73.0
3157, 73.0
3158, 74.0
3159, 72.0
3160, 73.0
3161, 73.0
3162, 76.0
3163, 72.0
3164, 77.0
3165, 71.0
3166, 75.0
3167, 69.0
3168, 68.0
3169, 74.0
3170, 70.0
3171, 74.0
3172, 78.0
3173, 68.0
3174, 71.0
3175, 72.0
3176, 76.0
3177, 75.0
3178, 69.0
3179, 70.0
3180, 70.0
3181, 73.0
3182, 73.0
3183, 74.0
3184, 72.0
3185, 77.0
3186, 76.0
3187, 71.0
3188, 76.0
3189, 74.0
3190, 77.0
3191, 72.0
3192, 71.0
3193, 69.0
3194, 73.0
3195, 69.0
3196, 72.0
3197, 71.0
3198, 73.0
3199, 74.0
3200, 73.0
3201, 70.0
3202, 71.0
3203, 73.0
3204, 71.0
3205, 71.0
3206, 71.0
3207, 73.0
3208, 72.0
3209, 74.0
3210, 73.0
3211, 72.0
3212, 71.0
3213, 73.0
3214, 76.0
3215, 74.0
3216, 76.0
3217, 75.0
3218, 73.0
3219, 73.0
3220, 73.0
3221, 71.0
3222, 74.0
3223, 73.0
3224, 72.0
3225, 70.0
3226, 73.0
3227, 75.0
3228, 75.0
3229, 74.0
3230, 69.0
3231, 75.0
3232, 73.0
3233, 72.0
3234, 73.0
3235, 71.0
3236, 73.0
3237, 71.0
3238, 72.0
3239, 72.0
3240, 68.0
3241, 72.0
3242, 75.0
3243, 72.0
3244, 74.0
3245, 67.0
3246, 76.0
3247, 73.0
3248, 68.0
3249, 73.0
3250, 75.0
3251, 71.0
3252, 76.0
3253, 69.0
3254, 70.0
3255, 71.0
3256, 72.0
3257, 72.0
3258, 68.0
3259, 73.0
3260, 73.0
3261, 74.0
3262, 73.0
3263, 75.0
3264, 76.0
3265, 73.0
3266, 76.0
3267, 72.0
3268, 71.0
3269, 76.0
3270, 70.0
3271, 76.0
3272, 77.0
3273, 76.0
3274, 69.0
3275, 72.0
3276, 73.0
3277, 76.0
3278, 73.0
3279, 70.0
3280, 73.0
3281, 73.0
3282, 73.0
3283, 73.0
3284, 75.0
3285, 72.0
3286, 75.0
3287, 75.0
3288, 72.0
3289, 73.0
3290, 73.0
3291, 73.0
3292, 74.0
3293, 74.0
3294, 74.0
3295, 72.0
3296, 72.0
3297, 75.0
3298, 73.0
3299, 72.0
3300, 77.0
3301, 74.0
3302, 73.0
3303, 74.0
3304, 77.0
3305, 78.0
3306, 75.0
3307, 73.0
3308, 75.0
3309, 74.0
3310, 79.0
3311, 75.0
3312, 73.0
3313, 70.0
3314, 72.0
3315, 72.0
3316, 71.0
3317, 69.0
3318, 69.0
3319, 77.0
3320, 74.0
3321, 77.0
3322, 70.0
3323, 74.0
3324, 72.0
3325, 69.0
3326, 73.0
3327, 69.0
3328, 75.0
3329, 72.0
3330, 75.0
3331, 78.0
3332, 75.0
3333, 73.0
3334, 74.0
3335, 72.0
3336, 77.0
3337, 70.0
3338, 72.0
3339, 68.0
3340, 71.0
3341, 74.0
3342, 72.0
3343, 73.0
3344, 73.0
3345, 76.0
3346, 76.0
3347, 71.0
3348, 74.0
3349, 74.0
3350, 71.0
3351, 74.0
3352, 73.0
3353, 73.0
3354, 74.0
3355, 72.0
3356, 72.0
3357, 78.0
3358, 75.0
3359, 76.0
3360, 76.0
3361, 71.0
3362, 72.0
3363, 74.0
3364, 75.0
3365, 72.0
3366, 72.0
3367, 74.0
3368, 77.0
3369, 71.0
3370, 76.0
3371, 69.0
3372, 75.0
3373, 75.0
3374, 73.0
3375, 76.0
3376, 71.0
3377, 76.0
3378, 72.0
3379, 76.0
3380, 78.0
3381, 74.0
3382, 76.0
3383, 75.0
3384, 75.0
3385, 71.0
3386, 70.0
3387, 73.0
3388, 74.0
3389, 77.0
3390, 73.0
3391, 75.0
3392, 71.0
3393, 73.0
3394, 69.0
3395, 71.0
3396, 75.0
3397, 73.0
3398, 74.0
3399, 73.0
3400, 75.0
3401, 72.0
3402, 72.0
3403, 77.0
3404, 73.0
3405, 73.0
3406, 76.0
3407, 71.0
3408, 74.0
3409, 74.0
3410, 73.0
3411, 75.0
3412, 70.0
3413, 74.0
3414, 76.0
3415, 67.0
3416, 76.0
3417, 70.0
3418, 70.0
3419, 74.0
3420, 72.0
3421, 74.0
3422, 74.0
3423, 72.0
3424, 74.0
3425, 76.0
3426, 71.0
3427, 72.0
3428, 69.0
3429, 72.0
3430, 71.0
3431, 73.0
3432, 71.0
3433, 74.0
3434, 71.0
3435, 74.0
3436, 70.0
3437, 75.0
3438, 78.0
3439, 77.0
3440, 71.0
3441, 74.0
3442, 76.0
3443, 69.0
3444, 74.0
3445, 75.0
3446, 71.0
3447, 70.0
3448, 71.0
3449, 70.0
3450, 75.0
3451, 72.0
3452, 76.0
3453, 72.0
3454, 76.0
3455, 72.0
3456, 73.0
3457, 72.0
3458, 74.0
3459, 74.0
3460, 71.0
3461, 71.0
3462, 76.0
3463, 73.0
3464, 74.0
3465, 73.0
3466, 73.0
3467, 69.0
3468, 77.0
3469, 75.0
3470, 76.0
3471, 70.0
3472, 72.0
3473, 66.0
3474, 79.0
3475, 75.0
3476, 75.0
3477, 75.0
3478, 73.0
3479, 78.0
3480, 74.0
3481, 72.0
3482, 73.0
3483, 77.0
3484, 75.0
3485, 73.0
3486, 74.0
3487, 72.0
3488, 68.0
3489, 73.0
3490, 76.0
3491, 77.0
3492, 68.0
3493, 77.0
3494, 76.0
3495, 69.0
3496, 72.0
3497, 72.0
3498, 73.0
3499, 69.0
3500, 76.0
3501, 71.0
3502, 72.0
3503, 77.0
3504, 74.0
3505, 72.0
3506, 73.0
3507, 76.0
3508, 77.0
3509, 78.0
3510, 72.0
3511, 75.0
3512, 73.0
3513, 73.0
3514, 74.0
3515, 75.0
3516, 74.0
3517, 78.0
3518, 72.0
3519, 74.0
3520, 74.0
3521, 72.0
3522, 73.0
3523, 75.0
3524, 73.0
3525, 76.0
3526, 75.0
3527, 71.0
3528, 72.0
3529, 72.0
3530, 69.0
3531, 72.0
3532, 74.0
3533, 70.0
3534, 72.0
3535, 74.0
3536, 71.0
3537, 70.0
3538, 72.0
3539, 73.0
3540, 74.0
3541, 68.0
3542, 73.0
3543, 75.0
3544, 68.0
3545, 73.0
3546, 73.0
3547, 76.0
3548, 73.0
3549, 75.0
3550, 71.0
3551, 71.0
3552, 80.0
3553, 72.0
3554, 69.0
3555, 70.0
3556, 70.0
3557, 71.0
3558, 72.0
3559, 70.0
3560, 70.0
3561, 76.0
3562, 78.0
3563, 73.0
3564, 71.0
3565, 77.0
3566, 71.0
3567, 75.0
3568, 76.0
3569, 72.0
3570, 76.0
3571, 77.0
3572, 70.0
3573, 75.0
3574, 73.0
3575, 73.0
3576, 71.0
3577, 72.0
3578, 75.0
3579, 71.0
3580, 73.0
3581, 72.0
3582, 73.0
3583, 73.0
3584, 73.0
3585, 72.0
3586, 72.0
3587, 72.0
3588, 73.0
3589, 71.0
3590, 75.0
3591, 67.0
3592, 74.0
3593, 71.0
3594, 77.0
3595, 68.0
3596, 68.0
3597, 75.0
3598, 72.0
3599, 73.0
3600, 72.0
3601, 76.0
3602, 77.0
3603, 76.0
3604, 75.0
3605, 72.0
3606, 70.0
3607, 71.0
3608, 78.0
3609, 76.0
3610, 75.0
3611, 75.0
3612, 72.0
3613, 67.0
3614, 76.0
3615, 74.0
3616, 70.0
3617, 68.0
3618, 70.0
3619, 74.0
3620, 70.0
3621, 70.0
3622, 73.0
3623, 74.0
3624, 75.0
3625, 78.0
3626, 73.0
3627, 75.0
3628, 73.0
3629, 74.0
3630, 70.0
3631, 74.0
3632, 74.0
3633, 72.0
3634, 73.0
3635, 75.0
3636, 71.0
3637, 75.0
3638, 78.0
3639, 72.0
3640, 76.0
3641, 71.0
3642, 76.0
3643, 77.0
3644, 77.0
3645, 71.0
3646, 74.0
3647,  1.0

