Single
3648
Scan 0,   
0, 83.0
1, 79.0
2, 82.0
3, 81.0
4, 79.0
5, 76.0
6, 74.0
7, 73.0
8, 82.0
9, 76.0
10, 78.0
11, 79.0
12, 79.0
13, 80.0
14, 79.0
15, 81.0
16, 81.0
17, 79.0
18, 78.0
19, 79.0
20, 78.0
21, 77.0
22, 81.0
23, 75.0
24, 85.0
25, 74.0
26, 77.0
27, 77.0
28, 81.0
29, 79.0
30, 82.0
31, 76.0
32, 78.0
33, 71.0
34, 77.0
35, 78.0
36, 76.0
37, 76.0
38, 78.0
39, 76.0
40, 77.0
41, 76.0
42, 79.0
43, 78.0
44, 76.0
45, 78.0
46, 77.0
47, 75.0
48, 79.0
49, 79.0
50, 83.0
51, 79.0
52, 78.0
53, 84.0
54, 80.0
55, 76.0
56, 76.0
57, 77.0
58, 76.0
59, 80.0
60, 78.0
61, 75.0
62, 78.0
63, 77.0
64, 77.0
65, 77.0
66, 83.0
67, 76.0
68, 79.0
69, 77.0
70, 77.0
71, 80.0
72, 73.0
73, 75.0
74, 79.0
75, 76.0
76, 74.0
77, 77.0
78, 77.0
79, 71.0
80, 83.0
81, 76.0
82, 78.0
83, 75.0
84, 81.0
85, 76.0
86, 80.0
87, 73.0
88, 78.0
89, 75.0
90, 83.0
91, 74.0
92, 79.0
93, 80.0
94, 78.0
95, 76.0
96, 77.0
97, 78.0
98, 74.0
99, 80.0
100, 79.0
101, 76.0
102, 78.0
103, 75.0
104, 81.0
105, 74.0
106, 79.0
107, 79.0
108, 79.0
109, 77.0
110, 78.0
111, 80.0
112, 80.0
113, 77.0
114, 76.0
115, 74.0
116, 76.0
117, 78.0
118, 76.0
119, 75.0
120, 79.0
121, 79.0
122, 81.0
123, 77.0
124, 71.0
125, 76.0
126, 81.0
127, 76.0
128, 77.0
129, 76.0
130, 81.0
131, 71.0
132, 80.0
133, 74.0
134, 81.0
135, 73.0
136, 84.0
137, 75.0
138, 78.0
139, 73.0
140, 77.0
141, 78.0
142, 80.0
143, 76.0
144, 75.0
145, 77.0
146, 77.0
147, 77.0
148, 77.0
149, 80.0
150, 77.0
151, 77.0
152, 83.0
153, 77.0
154, 80.0
155, 75.0
156, 75.0
157, 80.0
158, 77.0
159, 78.0
160, 80.0
161, 76.0
162, 73.0
163, 78.0
164, 79.0
165, 81.0
166, 83.0
167, 78.0
168, 81.0
169, 77.0
170, 80.0
171, 77.0
172, 85.0
173, 80.0
174, 76.0
175, 73.0
176, 82.0
177, 75.0
178, 84.0
179, 72.0
180, 80.0
181, 74.0
182, 81.0
183, 74.0
184, 78.0
185, 78.0
186, 82.0
187, 78.0
188, 80.0
189, 79.0
190, 80.0
191, 72.0
192, 85.0
193, 78.0
194, 81.0
195, 77.0
196, 77.0
197, 79.0
198, 76.0
199, 76.0
200, 77.0
201, 75.0
202, 76.0
203, 75.0
204, 80.0
205, 73.0
206, 84.0
207, 74.0
208, 78.0
209, 80.0
210, 76.0
211, 76.0
212, 76.0
213, 77.0
214, 77.0
215, 74.0
216, 79.0
217, 78.0
218, 75.0
219, 79.0
220, 78.0
221, 81.0
222, 81.0
223, 80.0
224, 83.0
225, 74.0
226, 78.0
227, 76.0
228, 75.0
229, 82.0
230, 81.0
231, 80.0
232, 78.0
233, 76.0
234, 78.0
235, 73.0
236, 73.0
237, 72.0
238, 78.0
239, 77.0
240, 80.0
241, 76.0
242, 79.0
243, 78.0
244, 78.0
245, 73.0
246, 78.0
247, 77.0
248, 77.0
249, 81.0
250, 81.0
251, 76.0
252, 80.0
253, 78.0
254, 79.0
255, 77.0
256, 80.0
257, 78.0
258, 77.0
259, 77.0
260, 80.0
261, 75.0
262, 79.0
263, 74.0
264, 80.0
265, 77.0
266, 77.0
267, 74.0
268, 76.0
269, 83.0
270, 78.0
271, 77.0
272, 79.0
273, 77.0
274, 82.0
275, 72.0
276, 82.0
277, 80.0
278, 77.0
279, 80.0
280, 79.0
281, 79.0
282, 77.0
283, 70.0
284, 79.0
285, 74.0
286, 78.0
287, 75.0
288, 78.0
289, 78.0
290, 81.0
291, 76.0
292, 81.0
293, 73.0
294, 82.0
295, 78.0
296, 81.0
297, 75.0
298, 73.0
299, 75.0
300, 81.0
301, 74.0
302, 80.0
303, 79.0
304, 75.0
305, 82.0
306, 77.0
307, 76.0
308, 78.0
309, 76.0
310, 83.0
311, 73.0
312, 77.0
313, 78.0
314, 76.0
315, 78.0
316, 83.0
317, 79.0
318, 78.0
319, 79.0
320, 80.0
321, 78.0
322, 78.0
323, 75.0
324, 80.0
325, 75.0
326, 78.0
327, 77.0
328, 82.0
329, 77.0
330, 80.0
331, 78.0
332, 79.0
333, 76.0
334, 78.0
335, 78.0
336, 80.0
337, 76.0
338, 86.0
339, 74.0
340, 84.0
341, 74.0
342, 81.0
343, 77.0
344, 76.0
345, 74.0
346, 78.0
347, 76.0
348, 76.0
349, 76.0
350, 77.0
351, 70.0
352, 77.0
353, 75.0
354, 76.0
355, 69.0
356, 76.0
357, 78.0
358, 76.0
359, 77.0
360, 81.0
361, 82.0
362, 78.0
363, 75.0
364, 80.0
365, 74.0
366, 80.0
367, 78.0
368, 76.0
369, 77.0
370, 81.0
371, 74.0
372, 80.0
373, 74.0
374, 80.0
375, 75.0
376, 81.0
377, 77.0
378, 79.0
379, 78.0
380, 80.0
381, 76.0
382, 79.0
383, 78.0
384, 79.0
385, 78.0
386, 80.0
387, 81.0
388, 79.0
389, 77.0
390, 78.0
391, 78.0
392, 78.0
393, 71.0
394, 82.0
395, 77.0
396, 78.0
397, 75.0
398, 79.0
399, 82.0
400, 82.0
401, 75.0
402, 76.0
403, 80.0
404, 76.0
405, 76.0
406, 75.0
407, 76.0
408, 77.0
409, 78.0
410, 75.0
411, 75.0
412, 79.0
413, 78.0
414, 75.0
415, 76.0
416, 83.0
417, 76.0
418, 79.0
419, 78.0
420, 81.0
421, 78.0
422, 77.0
423, 80.0
424, 78.0
425, 73.0
426, 79.0
427, 77.0
428, 81.0
429, 75.0
430, 77.0
431, 80.0
432, 80.0
433, 77.0
434, 77.0
435, 77.0
436, 79.0
437, 79.0
438, 82.0
439, 73.0
440, 79.0
441, 77.0
442, 77.0
443, 74.0
444, 81.0
445, 76.0
446, 79.0
447, 73.0
448, 76.0
449, 78.0
450, 78.0
451, 72.0
452, 77.0
453, 74.0
454, 83.0
455, 75.0
456, 80.0
457, 81.0
458, 82.0
459, 78.0
460, 78.0
461, 76.0
462, 81.0
463, 71.0
464, 81.0
465, 76.0
466, 80.0
467, 73.0
468, 83.0
469, 79.0
470, 77.0
471, 80.0
472, 82.0
473, 79.0
474, 84.0
475, 77.0
476, 75.0
477, 74.0
478, 79.0
479, 74.0
480, 79.0
481, 75.0
482, 82.0
483, 73.0
484, 82.0
485, 75.0
486, 75.0
487, 74.0
488, 79.0
489, 73.0
490, 76.0
491, 76.0
492, 78.0
493, 75.0
494, 79.0
495, 79.0
496, 75.0
497, 78.0
498, 80.0
499, 78.0
500, 84.0
501, 76.0
502, 78.0
503, 71.0
504, 83.0
505, 77.0
506, 80.0
507, 81.0
508, 83.0
509, 78.0
510, 79.0
511, 76.0
512, 77.0
513, 78.0
514, 73.0
515, 79.0
516, 80.0
517, 74.0
518, 79.0
519, 82.0
520, 76.0
521, 80.0
522, 80.0
523, 76.0
524, 77.0
525, 75.0
526, 76.0
527, 75.0
528, 76.0
529, 81.0
530, 80.0
531, 79.0
532, 78.0
533, 77.0
534, 76.0
535, 78.0
536, 77.0
537, 82.0
538, 81.0
539, 77.0
540, 73.0
541, 84.0
542, 78.0
543, 81.0
544, 82.0
545, 78.0
546, 76.0
547, 81.0
548, 81.0
549, 79.0
550, 81.0
551, 81.0
552, 80.0
553, 75.0
554, 79.0
555, 76.0
556, 83.0
557, 79.0
558, 79.0
559, 75.0
560, 79.0
561, 79.0
562, 80.0
563, 78.0
564, 83.0
565, 73.0
566, 81.0
567, 76.0
568, 78.0
569, 75.0
570, 81.0
571, 75.0
572, 83.0
573, 77.0
574, 86.0
575, 79.0
576, 79.0
577, 76.0
578, 78.0
579, 74.0
580, 76.0
581, 78.0
582, 82.0
583, 75.0
584, 76.0
585, 75.0
586, 81.0
587, 81.0
588, 83.0
589, 78.0
590, 74.0
591, 81.0
592, 81.0
593, 84.0
594, 77.0
595, 71.0
596, 74.0
597, 77.0
598, 82.0
599, 72.0
600, 76.0
601, 76.0
602, 79.0
603, 80.0
604, 79.0
605, 76.0
606, 81.0
607, 77.0
608, 82.0
609, 74.0
610, 82.0
611, 74.0
612, 83.0
613, 76.0
614, 79.0
615, 74.0
616, 81.0
617, 81.0
618, 79.0
619, 78.0
620, 77.0
621, 74.0
622, 74.0
623, 76.0
624, 76.0
625, 81.0
626, 79.0
627, 73.0
628, 83.0
629, 79.0
630, 80.0
631, 76.0
632, 79.0
633, 78.0
634, 76.0
635, 78.0
636, 80.0
637, 76.0
638, 79.0
639, 79.0
640, 85.0
641, 77.0
642, 85.0
643, 76.0
644, 79.0
645, 76.0
646, 78.0
647, 80.0
648, 82.0
649, 78.0
650, 76.0
651, 75.0
652, 76.0
653, 79.0
654, 77.0
655, 73.0
656, 81.0
657, 76.0
658, 79.0
659, 77.0
660, 81.0
661, 81.0
662, 83.0
663, 76.0
664, 80.0
665, 76.0
666, 82.0
667, 71.0
668, 79.0
669, 78.0
670, 77.0
671, 76.0
672, 77.0
673, 77.0
674, 81.0
675, 76.0
676, 78.0
677, 71.0
678, 79.0
679, 77.0
680, 78.0
681, 75.0
682, 77.0
683, 73.0
684, 77.0
685, 75.0
686, 77.0
687, 79.0
688, 80.0
689, 78.0
690, 81.0
691, 75.0
692, 81.0
693, 77.0
694, 77.0
695, 78.0
696, 80.0
697, 78.0
698, 78.0
699, 78.0
700, 81.0
701, 75.0
702, 76.0
703, 70.0
704, 78.0
705, 76.0
706, 80.0
707, 73.0
708, 80.0
709, 79.0
710, 82.0
711, 78.0
712, 76.0
713, 78.0
714, 84.0
715, 78.0
716, 81.0
717, 73.0
718, 79.0
719, 77.0
720, 82.0
721, 77.0
722, 80.0
723, 74.0
724, 75.0
725, 74.0
726, 78.0
727, 80.0
728, 80.0
729, 72.0
730, 82.0
731, 76.0
732, 80.0
733, 75.0
734, 81.0
735, 72.0
736, 80.0
737, 77.0
738, 77.0
739, 83.0
740, 75.0
741, 80.0
742, 81.0
743, 79.0
744, 79.0
745, 76.0
746, 74.0
747, 76.0
748, 80.0
749, 76.0
750, 80.0
751, 85.0
752, 81.0
753, 77.0
754, 82.0
755, 73.0
756, 77.0
757, 76.0
758, 78.0
759, 75.0
760, 75.0
761, 74.0
762, 82.0
763, 75.0
764, 79.0
765, 78.0
766, 82.0
767, 78.0
768, 79.0
769, 81.0
770, 77.0
771, 82.0
772, 78.0
773, 76.0
774, 82.0
775, 75.0
776, 78.0
777, 80.0
778, 78.0
779, 78.0
780, 80.0
781, 74.0
782, 75.0
783, 79.0
784, 76.0
785, 74.0
786, 81.0
787, 75.0
788, 81.0
789, 78.0
790, 77.0
791, 78.0
792, 79.0
793, 78.0
794, 77.0
795, 78.0
796, 78.0
797, 77.0
798, 81.0
799, 72.0
800, 80.0
801, 80.0
802, 80.0
803, 81.0
804, 81.0
805, 82.0
806, 78.0
807, 78.0
808, 76.0
809, 73.0
810, 80.0
811, 82.0
812, 81.0
813, 80.0
814, 82.0
815, 77.0
816, 78.0
817, 76.0
818, 83.0
819, 74.0
820, 78.0
821, 77.0
822, 75.0
823, 78.0
824, 79.0
825, 72.0
826, 82.0
827, 79.0
828, 77.0
829, 71.0
830, 78.0
831, 74.0
832, 79.0
833, 79.0
834, 80.0
835, 79.0
836, 75.0
837, 82.0
838, 79.0
839, 77.0
840, 82.0
841, 74.0
842, 82.0
843, 73.0
844, 83.0
845, 77.0
846, 80.0
847, 76.0
848, 78.0
849, 77.0
850, 80.0
851, 72.0
852, 78.0
853, 75.0
854, 79.0
855, 76.0
856, 75.0
857, 78.0
858, 81.0
859, 78.0
860, 85.0
861, 76.0
862, 79.0
863, 74.0
864, 76.0
865, 78.0
866, 82.0
867, 79.0
868, 76.0
869, 74.0
870, 75.0
871, 78.0
872, 81.0
873, 82.0
874, 80.0
875, 76.0
876, 83.0
877, 78.0
878, 80.0
879, 76.0
880, 81.0
881, 77.0
882, 80.0
883, 75.0
884, 76.0
885, 77.0
886, 77.0
887, 72.0
888, 82.0
889, 80.0
890, 81.0
891, 80.0
892, 74.0
893, 78.0
894, 75.0
895, 76.0
896, 81.0
897, 76.0
898, 78.0
899, 77.0
900, 80.0
901, 77.0
902, 82.0
903, 76.0
904, 77.0
905, 77.0
906, 85.0
907, 76.0
908, 80.0
909, 78.0
910, 81.0
911, 80.0
912, 85.0
913, 80.0
914, 78.0
915, 76.0
916, 76.0
917, 80.0
918, 79.0
919, 78.0
920, 82.0
921, 75.0
922, 77.0
923, 80.0
924, 82.0
925, 79.0
926, 80.0
927, 75.0
928, 81.0
929, 75.0
930, 76.0
931, 76.0
932, 85.0
933, 74.0
934, 78.0
935, 78.0
936, 78.0
937, 76.0
938, 86.0
939, 77.0
940, 80.0
941, 79.0
942, 81.0
943, 78.0
944, 83.0
945, 73.0
946, 83.0
947, 79.0
948, 79.0
949, 78.0
950, 81.0
951, 79.0
952, 78.0
953, 73.0
954, 82.0
955, 79.0
956, 78.0
957, 80.0
958, 77.0
959, 81.0
960, 78.0
961, 76.0
962, 79.0
963, 76.0
964, 79.0
965, 77.0
966, 81.0
967, 77.0
968, 83.0
969, 76.0
970, 76.0
971, 79.0
972, 81.0
973, 78.0
974, 81.0
975, 77.0
976, 82.0
977, 77.0
978, 84.0
979, 73.0
980, 79.0
981, 77.0
982, 82.0
983, 78.0
984, 79.0
985, 80.0
986, 80.0
987, 76.0
988, 82.0
989, 78.0
990, 79.0
991, 78.0
992, 80.0
993, 80.0
994, 78.0
995, 81.0
996, 77.0
997, 82.0
998, 76.0
999, 76.0
1000, 80.0
1001, 81.0
1002, 80.0
1003, 76.0
1004, 81.0
1005, 76.0
1006, 74.0
1007, 78.0
1008, 77.0
1009, 75.0
1010, 78.0
1011, 75.0
1012, 79.0
1013, 76.0
1014, 79.0
1015, 75.0
1016, 81.0
1017, 76.0
1018, 80.0
1019, 84.0
1020, 82.0
1021, 77.0
1022, 77.0
1023, 82.0
1024, 82.0
1025, 81.0
1026, 82.0
1027, 81.0
1028, 72.0
1029, 75.0
1030, 79.0
1031, 72.0
1032, 74.0
1033, 75.0
1034, 81.0
1035, 79.0
1036, 83.0
1037, 79.0
1038, 76.0
1039, 79.0
1040, 81.0
1041, 77.0
1042, 80.0
1043, 75.0
1044, 79.0
1045, 78.0
1046, 80.0
1047, 76.0
1048, 77.0
1049, 76.0
1050, 75.0
1051, 80.0
1052, 77.0
1053, 76.0
1054, 80.0
1055, 77.0
1056, 83.0
1057, 81.0
1058, 79.0
1059, 77.0
1060, 77.0
1061, 77.0
1062, 81.0
1063, 77.0
1064, 80.0
1065, 77.0
1066, 78.0
1067, 75.0
1068, 78.0
1069, 80.0
1070, 79.0
1071, 77.0
1072, 80.0
1073, 75.0
1074, 79.0
1075, 78.0
1076, 80.0
1077, 78.0
1078, 80.0
1079, 78.0
1080, 82.0
1081, 77.0
1082, 76.0
1083, 72.0
1084, 79.0
1085, 81.0
1086, 77.0
1087, 77.0
1088, 81.0
1089, 77.0
1090, 80.0
1091, 74.0
1092, 81.0
1093, 82.0
1094, 78.0
1095, 77.0
1096, 82.0
1097, 77.0
1098, 80.0
1099, 77.0
1100, 75.0
1101, 79.0
1102, 79.0
1103, 74.0
1104, 77.0
1105, 73.0
1106, 77.0
1107, 78.0
1108, 78.0
1109, 73.0
1110, 82.0
1111, 78.0
1112, 77.0
1113, 78.0
1114, 81.0
1115, 81.0
1116, 80.0
1117, 76.0
1118, 77.0
1119, 80.0
1120, 81.0
1121, 72.0
1122, 77.0
1123, 75.0
1124, 82.0
1125, 79.0
1126, 83.0
1127, 78.0
1128, 83.0
1129, 79.0
1130, 80.0
1131, 78.0
1132, 81.0
1133, 74.0
1134, 80.0
1135, 79.0
1136, 83.0
1137, 74.0
1138, 80.0
1139, 78.0
1140, 77.0
1141, 76.0
1142, 82.0
1143, 77.0
1144, 80.0
1145, 79.0
1146, 82.0
1147, 73.0
1148, 82.0
1149, 76.0
1150, 78.0
1151, 76.0
1152, 81.0
1153, 80.0
1154, 83.0
1155, 75.0
1156, 80.0
1157, 72.0
1158, 79.0
1159, 76.0
1160, 84.0
1161, 82.0
1162, 76.0
1163, 78.0
1164, 85.0
1165, 84.0
1166, 78.0
1167, 80.0
1168, 80.0
1169, 74.0
1170, 82.0
1171, 78.0
1172, 78.0
1173, 77.0
1174, 82.0
1175, 81.0
1176, 78.0
1177, 77.0
1178, 80.0
1179, 77.0
1180, 75.0
1181, 73.0
1182, 76.0
1183, 80.0
1184, 75.0
1185, 74.0
1186, 82.0
1187, 79.0
1188, 77.0
1189, 80.0
1190, 76.0
1191, 79.0
1192, 81.0
1193, 80.0
1194, 80.0
1195, 79.0
1196, 80.0
1197, 77.0
1198, 81.0
1199, 75.0
1200, 81.0
1201, 77.0
1202, 82.0
1203, 79.0
1204, 86.0
1205, 72.0
1206, 79.0
1207, 78.0
1208, 80.0
1209, 80.0
1210, 81.0
1211, 81.0
1212, 83.0
1213, 76.0
1214, 75.0
1215, 75.0
1216, 81.0
1217, 78.0
1218, 82.0
1219, 75.0
1220, 81.0
1221, 76.0
1222, 73.0
1223, 79.0
1224, 85.0
1225, 79.0
1226, 75.0
1227, 78.0
1228, 78.0
1229, 77.0
1230, 79.0
1231, 79.0
1232, 79.0
1233, 77.0
1234, 80.0
1235, 75.0
1236, 78.0
1237, 76.0
1238, 79.0
1239, 78.0
1240, 77.0
1241, 79.0
1242, 79.0
1243, 80.0
1244, 83.0
1245, 81.0
1246, 80.0
1247, 77.0
1248, 77.0
1249, 80.0
1250, 80.0
1251, 77.0
1252, 76.0
1253, 77.0
1254, 80.0
1255, 81.0
1256, 81.0
1257, 74.0
1258, 81.0
1259, 77.0
1260, 77.0
1261, 78.0
1262, 82.0
1263, 77.0
1264, 80.0
1265, 78.0
1266, 80.0
1267, 76.0
1268, 79.0
1269, 75.0
1270, 75.0
1271, 77.0
1272, 85.0
1273, 79.0
1274, 79.0
1275, 74.0
1276, 82.0
1277, 81.0
1278, 79.0
1279, 77.0
1280, 79.0
1281, 77.0
1282, 79.0
1283, 73.0
1284, 78.0
1285, 76.0
1286, 81.0
1287, 77.0
1288, 78.0
1289, 81.0
1290, 83.0
1291, 82.0
1292, 79.0
1293, 73.0
1294, 78.0
1295, 73.0
1296, 80.0
1297, 77.0
1298, 83.0
1299, 74.0
1300, 79.0
1301, 76.0
1302, 79.0
1303, 74.0
1304, 81.0
1305, 74.0
1306, 77.0
1307, 77.0
1308, 78.0
1309, 74.0
1310, 80.0
1311, 79.0
1312, 80.0
1313, 81.0
1314, 78.0
1315, 82.0
1316, 79.0
1317, 78.0
1318, 83.0
1319, 71.0
1320, 82.0
1321, 73.0
1322, 80.0
1323, 77.0
1324, 81.0
1325, 79.0
1326, 80.0
1327, 78.0
1328, 80.0
1329, 77.0
1330, 76.0
1331, 79.0
1332, 79.0
1333, 81.0
1334, 79.0
1335, 82.0
1336, 80.0
1337, 78.0
1338, 80.0
1339, 76.0
1340, 81.0
1341, 78.0
1342, 78.0
1343, 77.0
1344, 80.0
1345, 76.0
1346, 81.0
1347, 82.0
1348, 76.0
1349, 75.0
1350, 75.0
1351, 75.0
1352, 81.0
1353, 78.0
1354, 84.0
1355, 78.0
1356, 75.0
1357, 78.0
1358, 81.0
1359, 77.0
1360, 81.0
1361, 79.0
1362, 79.0
1363, 79.0
1364, 81.0
1365, 81.0
1366, 81.0
1367, 76.0
1368, 79.0
1369, 78.0
1370, 76.0
1371, 76.0
1372, 76.0
1373, 76.0
1374, 84.0
1375, 76.0
1376, 80.0
1377, 77.0
1378, 86.0
1379, 76.0
1380, 82.0
1381, 79.0
1382, 76.0
1383, 79.0
1384, 78.0
1385, 82.0
1386, 77.0
1387, 76.0
1388, 74.0
1389, 79.0
1390, 81.0
1391, 78.0
1392, 80.0
1393, 75.0
1394, 77.0
1395, 78.0
1396, 78.0
1397, 78.0
1398, 78.0
1399, 76.0
1400, 80.0
1401, 79.0
1402, 78.0
1403, 77.0
1404, 82.0
1405, 80.0
1406, 78.0
1407, 74.0
1408, 80.0
1409, 83.0
1410, 76.0
1411, 76.0
1412, 78.0
1413, 78.0
1414, 78.0
1415, 75.0
1416, 81.0
1417, 75.0
1418, 85.0
1419, 80.0
1420, 82.0
1421, 76.0
1422, 81.0
1423, 77.0
1424, 81.0
1425, 75.0
1426, 82.0
1427, 76.0
1428, 80.0
1429, 74.0
1430, 80.0
1431, 72.0
1432, 76.0
1433, 80.0
1434, 81.0
1435, 74.0
1436, 80.0
1437, 76.0
1438, 76.0
1439, 80.0
1440, 81.0
1441, 78.0
1442, 77.0
1443, 76.0
1444, 76.0
1445, 79.0
1446, 80.0
1447, 77.0
1448, 79.0
1449, 74.0
1450, 80.0
1451, 75.0
1452, 81.0
1453, 80.0
1454, 81.0
1455, 80.0
1456, 77.0
1457, 78.0
1458, 81.0
1459, 79.0
1460, 83.0
1461, 76.0
1462, 84.0
1463, 75.0
1464, 80.0
1465, 79.0
1466, 80.0
1467, 72.0
1468, 81.0
1469, 79.0
1470, 77.0
1471, 76.0
1472, 83.0
1473, 69.0
1474, 80.0
1475, 78.0
1476, 80.0
1477, 81.0
1478, 82.0
1479, 77.0
1480, 81.0
1481, 79.0
1482, 80.0
1483, 77.0
1484, 78.0
1485, 79.0
1486, 77.0
1487, 79.0
1488, 83.0
1489, 79.0
1490, 81.0
1491, 76.0
1492, 73.0
1493, 79.0
1494, 78.0
1495, 74.0
1496, 83.0
1497, 81.0
1498, 80.0
1499, 79.0
1500, 82.0
1501, 81.0
1502, 81.0
1503, 81.0
1504, 80.0
1505, 81.0
1506, 78.0
1507, 76.0
1508, 83.0
1509, 78.0
1510, 81.0
1511, 74.0
1512, 81.0
1513, 74.0
1514, 78.0
1515, 78.0
1516, 79.0
1517, 76.0
1518, 80.0
1519, 76.0
1520, 80.0
1521, 74.0
1522, 81.0
1523, 73.0
1524, 81.0
1525, 83.0
1526, 78.0
1527, 80.0
1528, 79.0
1529, 78.0
1530, 78.0
1531, 75.0
1532, 75.0
1533, 77.0
1534, 84.0
1535, 81.0
1536, 79.0
1537, 81.0
1538, 79.0
1539, 80.0
1540, 79.0
1541, 76.0
1542, 82.0
1543, 78.0
1544, 80.0
1545, 76.0
1546, 83.0
1547, 74.0
1548, 84.0
1549, 73.0
1550, 81.0
1551, 81.0
1552, 80.0
1553, 82.0
1554, 83.0
1555, 79.0
1556, 79.0
1557, 80.0
1558, 77.0
1559, 79.0
1560, 83.0
1561, 81.0
1562, 77.0
1563, 80.0
1564, 83.0
1565, 75.0
1566, 78.0
1567, 77.0
1568, 77.0
1569, 80.0
1570, 83.0
1571, 77.0
1572, 80.0
1573, 77.0
1574, 80.0
1575, 76.0
1576, 78.0
1577, 75.0
1578, 74.0
1579, 76.0
1580, 78.0
1581, 82.0
1582, 76.0
1583, 79.0
1584, 76.0
1585, 74.0
1586, 82.0
1587, 79.0
1588, 80.0
1589, 76.0
1590, 82.0
1591, 79.0
1592, 83.0
1593, 78.0
1594, 85.0
1595, 80.0
1596, 80.0
1597, 83.0
1598, 81.0
1599, 84.0
1600, 77.0
1601, 77.0
1602, 77.0
1603, 82.0
1604, 80.0
1605, 77.0
1606, 84.0
1607, 83.0
1608, 81.0
1609, 75.0
1610, 79.0
1611, 80.0
1612, 79.0
1613, 83.0
1614, 77.0
1615, 80.0
1616, 84.0
1617, 76.0
1618, 80.0
1619, 77.0
1620, 79.0
1621, 82.0
1622, 80.0
1623, 75.0
1624, 79.0
1625, 76.0
1626, 82.0
1627, 81.0
1628, 80.0
1629, 79.0
1630, 80.0
1631, 80.0
1632, 82.0
1633, 80.0
1634, 82.0
1635, 78.0
1636, 83.0
1637, 84.0
1638, 84.0
1639, 82.0
1640, 81.0
1641, 76.0
1642, 81.0
1643, 77.0
1644, 85.0
1645, 80.0
1646, 79.0
1647, 82.0
1648, 82.0
1649, 82.0
1650, 80.0
1651, 81.0
1652, 85.0
1653, 78.0
1654, 85.0
1655, 84.0
1656, 84.0
1657, 83.0
1658, 84.0
1659, 80.0
1660, 83.0
1661, 79.0
1662, 86.0
1663, 78.0
1664, 84.0
1665, 80.0
1666, 82.0
1667, 80.0
1668, 86.0
1669, 83.0
1670, 89.0
1671, 80.0
1672, 83.0
1673, 84.0
1674, 80.0
1675, 78.0
1676, 84.0
1677, 78.0
1678, 85.0
1679, 82.0
1680, 84.0
1681, 81.0
1682, 83.0
1683, 85.0
1684, 88.0
1685, 81.0
1686, 84.0
1687, 84.0
1688, 85.0
1689, 87.0
1690, 84.0
1691, 82.0
1692, 88.0
1693, 82.0
1694, 86.0
1695, 79.0
1696, 87.0
1697, 83.0
1698, 87.0
1699, 84.0
1700, 82.0
1701, 81.0
1702, 95.0
1703, 83.0
1704, 85.0
1705, 91.0
1706, 87.0
1707, 80.0
1708, 82.0
1709, 88.0
1710, 80.0
1711, 87.0
1712, 86.0
1713, 88.0
1714, 88.0
1715, 83.0
1716, 92.0
1717, 87.0
1718, 87.0
1719, 89.0
1720, 90.0
1721, 93.0
1722, 89.0
1723, 89.0
1724, 90.0
1725, 90.0
1726, 92.0
1727, 90.0
1728, 88.0
1729, 91.0
1730, 86.0
1731, 91.0
1732, 93.0
1733, 93.0
1734, 98.0
1735, 88.0
1736, 93.0
1737, 90.0
1738, 91.0
1739, 95.0
1740, 96.0
1741, 91.0
1742, 95.0
1743, 90.0
1744, 98.0
1745,101.0
1746,100.0
1747, 99.0
1748, 98.0
1749,101.0
1750,109.0
1751,103.0
1752,108.0
1753,100.0
1754,108.0
1755,105.0
1756,111.0
1757,120.0
1758,116.0
1759,121.0
1760,119.0
1761,124.0
1762,116.0
1763,115.0
1764,122.0
1765,127.0
1766,132.0
1767,135.0
1768,156.0
1769,149.0
1770,148.0
1771,128.0
1772,136.0
1773,134.0
1774,150.0
1775,157.0
1776,190.0
1777,191.0
1778,200.0
1779,184.0
1780,176.0
1781,191.0
1782,242.0
1783,300.0
1784,423.0
1785,473.0
1786,434.0
1787,375.0
1788,439.0
1789,677.0
1790,1157.0
1791,1782.0
1792,2472.0
1793,3092.0
1794,3535.0
1795,3701.0
1796,3698.0
1797,3258.0
1798,2447.0
1799,1422.0
1800,697.0
1801,360.0
1802,311.0
1803,338.0
1804,353.0
1805,319.0
1806,293.0
1807,231.0
1808,186.0
1809,158.0
1810,150.0
1811,144.0
1812,161.0
1813,166.0
1814,178.0
1815,165.0
1816,170.0
1817,154.0
1818,144.0
1819,128.0
1820,130.0
1821,124.0
1822,136.0
1823,126.0
1824,134.0
1825,127.0
1826,136.0
1827,127.0
1828,125.0
1829,113.0
1830,120.0
1831,113.0
1832,116.0
1833,105.0
1834,114.0
1835,105.0
1836,113.0
1837,107.0
1838,111.0
1839,106.0
1840,108.0
1841,101.0
1842,105.0
1843,104.0
1844,107.0
1845,103.0
1846,104.0
1847,102.0
1848,104.0
1849, 93.0
1850, 96.0
1851,102.0
1852,100.0
1853, 90.0
1854,100.0
1855, 99.0
1856, 98.0
1857, 92.0
1858, 95.0
1859, 92.0
1860, 95.0
1861, 93.0
1862, 99.0
1863, 95.0
1864, 97.0
1865, 95.0
1866, 97.0
1867, 92.0
1868, 91.0
1869, 91.0
1870, 96.0
1871, 96.0
1872, 96.0
1873, 88.0
1874, 92.0
1875, 90.0
1876, 89.0
1877, 85.0
1878, 92.0
1879, 92.0
1880, 88.0
1881, 86.0
1882, 90.0
1883, 88.0
1884, 88.0
1885, 86.0
1886, 85.0
1887, 88.0
1888, 88.0
1889, 89.0
1890, 90.0
1891, 83.0
1892, 91.0
1893, 84.0
1894, 88.0
1895, 86.0
1896, 93.0
1897, 86.0
1898, 89.0
1899, 85.0
1900, 87.0
1901, 87.0
1902, 88.0
1903, 84.0
1904, 84.0
1905, 83.0
1906, 89.0
1907, 86.0
1908, 84.0
1909, 80.0
1910, 83.0
1911, 84.0
1912, 89.0
1913, 82.0
1914, 86.0
1915, 79.0
1916, 82.0
1917, 81.0
1918, 84.0
1919, 84.0
1920, 86.0
1921, 81.0
1922, 81.0
1923, 79.0
1924, 84.0
1925, 79.0
1926, 83.0
1927, 80.0
1928, 87.0
1929, 77.0
1930, 81.0
1931, 79.0
1932, 85.0
1933, 78.0
1934, 85.0
1935, 77.0
1936, 82.0
1937, 82.0
1938, 85.0
1939, 82.0
1940, 87.0
1941, 77.0
1942, 83.0
1943, 75.0
1944, 84.0
1945, 84.0
1946, 82.0
1947, 84.0
1948, 84.0
1949, 77.0
1950, 82.0
1951, 78.0
1952, 82.0
1953, 78.0
1954, 83.0
1955, 76.0
1956, 84.0
1957, 75.0
1958, 82.0
1959, 82.0
1960, 82.0
1961, 80.0
1962, 79.0
1963, 81.0
1964, 83.0
1965, 85.0
1966, 79.0
1967, 72.0
1968, 83.0
1969, 78.0
1970, 81.0
1971, 79.0
1972, 78.0
1973, 81.0
1974, 82.0
1975, 77.0
1976, 83.0
1977, 79.0
1978, 83.0
1979, 81.0
1980, 81.0
1981, 78.0
1982, 81.0
1983, 80.0
1984, 79.0
1985, 78.0
1986, 78.0
1987, 80.0
1988, 83.0
1989, 77.0
1990, 84.0
1991, 77.0
1992, 80.0
1993, 78.0
1994, 80.0
1995, 81.0
1996, 80.0
1997, 80.0
1998, 78.0
1999, 77.0
2000, 84.0
2001, 74.0
2002, 81.0
2003, 80.0
2004, 85.0
2005, 76.0
2006, 80.0
2007, 77.0
2008, 82.0
2009, 83.0
2010, 82.0
2011, 73.0
2012, 84.0
2013, 77.0
2014, 79.0
2015, 80.0
2016, 78.0
2017, 77.0
2018, 82.0
2019, 77.0
2020, 76.0
2021, 79.0
2022, 76.0
2023, 78.0
2024, 82.0
2025, 75.0
2026, 78.0
2027, 79.0
2028, 78.0
2029, 76.0
2030, 78.0
2031, 78.0
2032, 83.0
2033, 78.0
2034, 78.0
2035, 78.0
2036, 81.0
2037, 82.0
2038, 80.0
2039, 73.0
2040, 81.0
2041, 76.0
2042, 81.0
2043, 78.0
2044, 83.0
2045, 77.0
2046, 77.0
2047, 75.0
2048, 81.0
2049, 75.0
2050, 84.0
2051, 79.0
2052, 77.0
2053, 77.0
2054, 81.0
2055, 80.0
2056, 79.0
2057, 77.0
2058, 80.0
2059, 81.0
2060, 82.0
2061, 77.0
2062, 77.0
2063, 81.0
2064, 78.0
2065, 77.0
2066, 82.0
2067, 81.0
2068, 83.0
2069, 78.0
2070, 81.0
2071, 81.0
2072, 77.0
2073, 71.0
2074, 81.0
2075, 78.0
2076, 78.0
2077, 78.0
2078, 80.0
2079, 76.0
2080, 78.0
2081, 77.0
2082, 80.0
2083, 81.0
2084, 81.0
2085, 80.0
2086, 82.0
2087, 78.0
2088, 78.0
2089, 75.0
2090, 80.0
2091, 78.0
2092, 86.0
2093, 76.0
2094, 79.0
2095, 80.0
2096, 82.0
2097, 77.0
2098, 82.0
2099, 82.0
2100, 79.0
2101, 77.0
2102, 74.0
2103, 80.0
2104, 78.0
2105, 84.0
2106, 76.0
2107, 78.0
2108, 77.0
2109, 76.0
2110, 78.0
2111, 77.0
2112, 82.0
2113, 76.0
2114, 83.0
2115, 80.0
2116, 78.0
2117, 75.0
2118, 81.0
2119, 81.0
2120, 77.0
2121, 79.0
2122, 79.0
2123, 81.0
2124, 80.0
2125, 77.0
2126, 79.0
2127, 79.0
2128, 82.0
2129, 80.0
2130, 78.0
2131, 77.0
2132, 78.0
2133, 77.0
2134, 79.0
2135, 77.0
2136, 79.0
2137, 77.0
2138, 84.0
2139, 80.0
2140, 77.0
2141, 75.0
2142, 77.0
2143, 77.0
2144, 79.0
2145, 81.0
2146, 83.0
2147, 79.0
2148, 79.0
2149, 77.0
2150, 77.0
2151, 74.0
2152, 82.0
2153, 79.0
2154, 79.0
2155, 81.0
2156, 84.0
2157, 77.0
2158, 81.0
2159, 77.0
2160, 84.0
2161, 78.0
2162, 80.0
2163, 76.0
2164, 77.0
2165, 81.0
2166, 86.0
2167, 74.0
2168, 83.0
2169, 78.0
2170, 76.0
2171, 77.0
2172, 79.0
2173, 74.0
2174, 80.0
2175, 76.0
2176, 78.0
2177, 80.0
2178, 80.0
2179, 80.0
2180, 83.0
2181, 83.0
2182, 79.0
2183, 81.0
2184, 76.0
2185, 77.0
2186, 84.0
2187, 77.0
2188, 79.0
2189, 77.0
2190, 80.0
2191, 78.0
2192, 77.0
2193, 76.0
2194, 81.0
2195, 78.0
2196, 79.0
2197, 78.0
2198, 84.0
2199, 83.0
2200, 78.0
2201, 76.0
2202, 79.0
2203, 79.0
2204, 79.0
2205, 76.0
2206, 81.0
2207, 77.0
2208, 74.0
2209, 78.0
2210, 78.0
2211, 80.0
2212, 87.0
2213, 76.0
2214, 80.0
2215, 70.0
2216, 78.0
2217, 73.0
2218, 78.0
2219, 76.0
2220, 76.0
2221, 80.0
2222, 82.0
2223, 77.0
2224, 77.0
2225, 77.0
2226, 77.0
2227, 78.0
2228, 85.0
2229, 72.0
2230, 77.0
2231, 77.0
2232, 76.0
2233, 73.0
2234, 80.0
2235, 79.0
2236, 83.0
2237, 77.0
2238, 78.0
2239, 76.0
2240, 79.0
2241, 76.0
2242, 79.0
2243, 78.0
2244, 80.0
2245, 78.0
2246, 77.0
2247, 77.0
2248, 80.0
2249, 76.0
2250, 78.0
2251, 82.0
2252, 78.0
2253, 79.0
2254, 78.0
2255, 78.0
2256, 81.0
2257, 75.0
2258, 80.0
2259, 75.0
2260, 79.0
2261, 82.0
2262, 80.0
2263, 80.0
2264, 76.0
2265, 79.0
2266, 81.0
2267, 77.0
2268, 81.0
2269, 78.0
2270, 80.0
2271, 76.0
2272, 79.0
2273, 80.0
2274, 76.0
2275, 76.0
2276, 74.0
2277, 80.0
2278, 77.0
2279, 76.0
2280, 83.0
2281, 81.0
2282, 81.0
2283, 80.0
2284, 84.0
2285, 77.0
2286, 81.0
2287, 72.0
2288, 74.0
2289, 76.0
2290, 76.0
2291, 79.0
2292, 78.0
2293, 79.0
2294, 80.0
2295, 76.0
2296, 78.0
2297, 77.0
2298, 80.0
2299, 76.0
2300, 79.0
2301, 78.0
2302, 83.0
2303, 79.0
2304, 77.0
2305, 75.0
2306, 82.0
2307, 78.0
2308, 80.0
2309, 80.0
2310, 81.0
2311, 77.0
2312, 79.0
2313, 83.0
2314, 83.0
2315, 79.0
2316, 81.0
2317, 76.0
2318, 83.0
2319, 82.0
2320, 84.0
2321, 76.0
2322, 84.0
2323, 76.0
2324, 80.0
2325, 75.0
2326, 84.0
2327, 76.0
2328, 82.0
2329, 76.0
2330, 77.0
2331, 78.0
2332, 80.0
2333, 76.0
2334, 79.0
2335, 81.0
2336, 84.0
2337, 80.0
2338, 78.0
2339, 74.0
2340, 81.0
2341, 77.0
2342, 79.0
2343, 74.0
2344, 81.0
2345, 74.0
2346, 81.0
2347, 78.0
2348, 75.0
2349, 75.0
2350, 76.0
2351, 80.0
2352, 80.0
2353, 70.0
2354, 80.0
2355, 72.0
2356, 78.0
2357, 78.0
2358, 80.0
2359, 78.0
2360, 77.0
2361, 81.0
2362, 79.0
2363, 76.0
2364, 78.0
2365, 76.0
2366, 77.0
2367, 72.0
2368, 81.0
2369, 77.0
2370, 77.0
2371, 74.0
2372, 78.0
2373, 78.0
2374, 78.0
2375, 74.0
2376, 77.0
2377, 80.0
2378, 78.0
2379, 75.0
2380, 78.0
2381, 76.0
2382, 83.0
2383, 78.0
2384, 75.0
2385, 78.0
2386, 79.0
2387, 80.0
2388, 79.0
2389, 75.0
2390, 83.0
2391, 79.0
2392, 79.0
2393, 81.0
2394, 79.0
2395, 75.0
2396, 80.0
2397, 82.0
2398, 80.0
2399, 73.0
2400, 83.0
2401, 79.0
2402, 79.0
2403, 75.0
2404, 78.0
2405, 74.0
2406, 79.0
2407, 80.0
2408, 82.0
2409, 77.0
2410, 80.0
2411, 78.0
2412, 76.0
2413, 78.0
2414, 80.0
2415, 75.0
2416, 82.0
2417, 80.0
2418, 80.0
2419, 77.0
2420, 77.0
2421, 78.0
2422, 76.0
2423, 74.0
2424, 82.0
2425, 78.0
2426, 79.0
2427, 79.0
2428, 77.0
2429, 76.0
2430, 82.0
2431, 78.0
2432, 78.0
2433, 77.0
2434, 81.0
2435, 76.0
2436, 81.0
2437, 78.0
2438, 77.0
2439, 75.0
2440, 76.0
2441, 76.0
2442, 82.0
2443, 78.0
2444, 80.0
2445, 74.0
2446, 80.0
2447, 77.0
2448, 75.0
2449, 77.0
2450, 82.0
2451, 74.0
2452, 83.0
2453, 76.0
2454, 79.0
2455, 78.0
2456, 78.0
2457, 77.0
2458, 82.0
2459, 74.0
2460, 80.0
2461, 79.0
2462, 80.0
2463, 76.0
2464, 80.0
2465, 78.0
2466, 81.0
2467, 71.0
2468, 85.0
2469, 81.0
2470, 76.0
2471, 80.0
2472, 76.0
2473, 79.0
2474, 85.0
2475, 79.0
2476, 80.0
2477, 82.0
2478, 82.0
2479, 74.0
2480, 75.0
2481, 73.0
2482, 81.0
2483, 77.0
2484, 78.0
2485, 75.0
2486, 78.0
2487, 77.0
2488, 81.0
2489, 77.0
2490, 80.0
2491, 82.0
2492, 79.0
2493, 76.0
2494, 84.0
2495, 74.0
2496, 82.0
2497, 74.0
2498, 81.0
2499, 83.0
2500, 76.0
2501, 80.0
2502, 82.0
2503, 76.0
2504, 79.0
2505, 81.0
2506, 73.0
2507, 76.0
2508, 79.0
2509, 75.0
2510, 78.0
2511, 76.0
2512, 82.0
2513, 79.0
2514, 78.0
2515, 80.0
2516, 81.0
2517, 79.0
2518, 77.0
2519, 76.0
2520, 77.0
2521, 81.0
2522, 77.0
2523, 77.0
2524, 82.0
2525, 77.0
2526, 79.0
2527, 76.0
2528, 82.0
2529, 79.0
2530, 82.0
2531, 76.0
2532, 77.0
2533, 80.0
2534, 80.0
2535, 74.0
2536, 84.0
2537, 72.0
2538, 83.0
2539, 77.0
2540, 76.0
2541, 79.0
2542, 79.0
2543, 82.0
2544, 81.0
2545, 80.0
2546, 81.0
2547, 78.0
2548, 77.0
2549, 84.0
2550, 81.0
2551, 77.0
2552, 77.0
2553, 81.0
2554, 81.0
2555, 74.0
2556, 77.0
2557, 74.0
2558, 80.0
2559, 82.0
2560, 83.0
2561, 77.0
2562, 81.0
2563, 81.0
2564, 80.0
2565, 74.0
2566, 78.0
2567, 74.0
2568, 79.0
2569, 73.0
2570, 81.0
2571, 81.0
2572, 80.0
2573, 80.0
2574, 85.0
2575, 77.0
2576, 85.0
2577, 75.0
2578, 81.0
2579, 78.0
2580, 80.0
2581, 76.0
2582, 82.0
2583, 76.0
2584, 76.0
2585, 76.0
2586, 83.0
2587, 76.0
2588, 80.0
2589, 75.0
2590, 79.0
2591, 76.0
2592, 82.0
2593, 79.0
2594, 82.0
2595, 80.0
2596, 82.0
2597, 83.0
2598, 80.0
2599, 78.0
2600, 82.0
2601, 77.0
2602, 79.0
2603, 78.0
2604, 78.0
2605, 78.0
2606, 79.0
2607, 79.0
2608, 81.0
2609, 80.0
2610, 82.0
2611, 80.0
2612, 79.0
2613, 79.0
2614, 81.0
2615, 78.0
2616, 85.0
2617, 79.0
2618, 78.0
2619, 76.0
2620, 88.0
2621, 78.0
2622, 79.0
2623, 76.0
2624, 78.0
2625, 78.0
2626, 78.0
2627, 72.0
2628, 78.0
2629, 74.0
2630, 77.0
2631, 76.0
2632, 82.0
2633, 80.0
2634, 80.0
2635, 78.0
2636, 80.0
2637, 79.0
2638, 83.0
2639, 73.0
2640, 82.0
2641, 77.0
2642, 80.0
2643, 79.0
2644, 85.0
2645, 78.0
2646, 77.0
2647, 77.0
2648, 83.0
2649, 76.0
2650, 81.0
2651, 74.0
2652, 81.0
2653, 77.0
2654, 81.0
2655, 80.0
2656, 77.0
2657, 78.0
2658, 81.0
2659, 72.0
2660, 78.0
2661, 77.0
2662, 83.0
2663, 77.0
2664, 76.0
2665, 76.0
2666, 82.0
2667, 77.0
2668, 78.0
2669, 76.0
2670, 84.0
2671, 82.0
2672, 77.0
2673, 79.0
2674, 80.0
2675, 78.0
2676, 75.0
2677, 74.0
2678, 79.0
2679, 82.0
2680, 80.0
2681, 77.0
2682, 80.0
2683, 81.0
2684, 79.0
2685, 79.0
2686, 79.0
2687, 80.0
2688, 78.0
2689, 77.0
2690, 79.0
2691, 80.0
2692, 78.0
2693, 76.0
2694, 80.0
2695, 78.0
2696, 85.0
2697, 77.0
2698, 83.0
2699, 77.0
2700, 85.0
2701, 78.0
2702, 84.0
2703, 76.0
2704, 80.0
2705, 76.0
2706, 79.0
2707, 80.0
2708, 81.0
2709, 80.0
2710, 82.0
2711, 82.0
2712, 82.0
2713, 78.0
2714, 79.0
2715, 79.0
2716, 78.0
2717, 78.0
2718, 77.0
2719, 77.0
2720, 78.0
2721, 76.0
2722, 85.0
2723, 77.0
2724, 82.0
2725, 77.0
2726, 84.0
2727, 77.0
2728, 91.0
2729, 82.0
2730, 83.0
2731, 77.0
2732, 79.0
2733, 81.0
2734, 80.0
2735, 76.0
2736, 85.0
2737, 81.0
2738, 80.0
2739, 78.0
2740, 82.0
2741, 75.0
2742, 85.0
2743, 81.0
2744, 85.0
2745, 81.0
2746, 83.0
2747, 79.0
2748, 84.0
2749, 78.0
2750, 83.0
2751, 78.0
2752, 78.0
2753, 74.0
2754, 79.0
2755, 78.0
2756, 83.0
2757, 77.0
2758, 81.0
2759, 78.0
2760, 78.0
2761, 76.0
2762, 81.0
2763, 72.0
2764, 80.0
2765, 74.0
2766, 78.0
2767, 76.0
2768, 79.0
2769, 74.0
2770, 81.0
2771, 78.0
2772, 82.0
2773, 74.0
2774, 76.0
2775, 80.0
2776, 75.0
2777, 79.0
2778, 77.0
2779, 77.0
2780, 78.0
2781, 79.0
2782, 80.0
2783, 77.0
2784, 80.0
2785, 75.0
2786, 81.0
2787, 78.0
2788, 84.0
2789, 73.0
2790, 82.0
2791, 78.0
2792, 77.0
2793, 74.0
2794, 81.0
2795, 79.0
2796, 75.0
2797, 81.0
2798, 77.0
2799, 80.0
2800, 82.0
2801, 76.0
2802, 79.0
2803, 78.0
2804, 74.0
2805, 78.0
2806, 80.0
2807, 80.0
2808, 79.0
2809, 74.0
2810, 81.0
2811, 75.0
2812, 84.0
2813, 78.0
2814, 85.0
2815, 73.0
2816, 78.0
2817, 76.0
2818, 84.0
2819, 79.0
2820, 82.0
2821, 78.0
2822, 82.0
2823, 80.0
2824, 79.0
2825, 78.0
2826, 81.0
2827, 76.0
2828, 82.0
2829, 74.0
2830, 82.0
2831, 75.0
2832, 83.0
2833, 81.0
2834, 78.0
2835, 75.0
2836, 77.0
2837, 79.0
2838, 76.0
2839, 75.0
2840, 83.0
2841, 80.0
2842, 84.0
2843, 79.0
2844, 82.0
2845, 75.0
2846, 80.0
2847, 81.0
2848, 79.0
2849, 79.0
2850, 84.0
2851, 78.0
2852, 76.0
2853, 73.0
2854, 77.0
2855, 80.0
2856, 81.0
2857, 76.0
2858, 77.0
2859, 80.0
2860, 79.0
2861, 76.0
2862, 83.0
2863, 78.0
2864, 78.0
2865, 81.0
2866, 78.0
2867, 83.0
2868, 85.0
2869, 78.0
2870, 78.0
2871, 77.0
2872, 79.0
2873, 76.0
2874, 80.0
2875, 75.0
2876, 77.0
2877, 80.0
2878, 80.0
2879, 81.0
2880, 81.0
2881, 78.0
2882, 78.0
2883, 74.0
2884, 77.0
2885, 78.0
2886, 79.0
2887, 78.0
2888, 82.0
2889, 75.0
2890, 84.0
2891, 79.0
2892, 83.0
2893, 78.0
2894, 81.0
2895, 74.0
2896, 79.0
2897, 75.0
2898, 85.0
2899, 75.0
2900, 79.0
2901, 75.0
2902, 77.0
2903, 81.0
2904, 82.0
2905, 75.0
2906, 80.0
2907, 78.0
2908, 75.0
2909, 80.0
2910, 80.0
2911, 83.0
2912, 83.0
2913, 82.0
2914, 76.0
2915, 75.0
2916, 82.0
2917, 71.0
2918, 81.0
2919, 80.0
2920, 83.0
2921, 78.0
2922, 77.0
2923, 74.0
2924, 80.0
2925, 77.0
2926, 85.0
2927, 78.0
2928, 76.0
2929, 76.0
2930, 80.0
2931, 79.0
2932, 79.0
2933, 81.0
2934, 77.0
2935, 82.0
2936, 77.0
2937, 76.0
2938, 76.0
2939, 75.0
2940, 78.0
2941, 78.0
2942, 83.0
2943, 72.0
2944, 81.0
2945, 77.0
2946, 80.0
2947, 80.0
2948, 88.0
2949, 82.0
2950, 83.0
2951, 76.0
2952, 77.0
2953, 77.0
2954, 81.0
2955, 72.0
2956, 82.0
2957, 80.0
2958, 81.0
2959, 80.0
2960, 78.0
2961, 80.0
2962, 77.0
2963, 78.0
2964, 78.0
2965, 75.0
2966, 81.0
2967, 75.0
2968, 85.0
2969, 80.0
2970, 80.0
2971, 77.0
2972, 73.0
2973, 82.0
2974, 83.0
2975, 77.0
2976, 77.0
2977, 80.0
2978, 82.0
2979, 79.0
2980, 80.0
2981, 80.0
2982, 79.0
2983, 80.0
2984, 80.0
2985, 77.0
2986, 77.0
2987, 75.0
2988, 83.0
2989, 83.0
2990, 81.0
2991, 77.0
2992, 81.0
2993, 78.0
2994, 85.0
2995, 81.0
2996, 81.0
2997, 80.0
2998, 78.0
2999, 78.0
3000, 74.0
3001, 80.0
3002, 81.0
3003, 77.0
3004, 77.0
3005, 75.0
3006, 81.0
3007, 77.0
3008, 78.0
3009, 72.0
3010, 79.0
3011, 74.0
3012, 80.0
3013, 80.0
3014, 79.0
3015, 74.0
3016, 80.0
3017, 75.0
3018, 79.0
3019, 80.0
3020, 77.0
3021, 80.0
3022, 80.0
3023, 82.0
3024, 75.0
3025, 78.0
3026, 80.0
3027, 77.0
3028, 81.0
3029, 79.0
3030, 79.0
3031, 80.0
3032, 83.0
3033, 81.0
3034, 76.0
3035, 77.0
3036, 80.0
3037, 77.0
3038, 78.0
3039, 80.0
3040, 84.0
3041, 74.0
3042, 83.0
3043, 78.0
3044, 85.0
3045, 73.0
3046, 82.0
3047, 75.0
3048, 82.0
3049, 79.0
3050, 81.0
3051, 76.0
3052, 82.0
3053, 76.0
3054, 84.0
3055, 73.0
3056, 80.0
3057, 79.0
3058, 82.0
3059, 80.0
3060, 80.0
3061, 81.0
3062, 81.0
3063, 82.0
3064, 79.0
3065, 76.0
3066, 82.0
3067, 80.0
3068, 74.0
3069, 79.0
3070, 78.0
3071, 76.0
3072, 76.0
3073, 79.0
3074, 78.0
3075, 82.0
3076, 83.0
3077, 74.0
3078, 83.0
3079, 72.0
3080, 82.0
3081, 76.0
3082, 76.0
3083, 79.0
3084, 77.0
3085, 79.0
3086, 81.0
3087, 74.0
3088, 79.0
3089, 77.0
3090, 77.0
3091, 76.0
3092, 78.0
3093, 78.0
3094, 76.0
3095, 78.0
3096, 82.0
3097, 74.0
3098, 78.0
3099, 80.0
3100, 81.0
3101, 84.0
3102, 78.0
3103, 79.0
3104, 86.0
3105, 77.0
3106, 79.0
3107, 76.0
3108, 83.0
3109, 78.0
3110, 79.0
3111, 77.0
3112, 82.0
3113, 80.0
3114, 78.0
3115, 79.0
3116, 82.0
3117, 86.0
3118, 79.0
3119, 75.0
3120, 81.0
3121, 77.0
3122, 77.0
3123, 76.0
3124, 76.0
3125, 74.0
3126, 80.0
3127, 80.0
3128, 85.0
3129, 77.0
3130, 79.0
3131, 80.0
3132, 82.0
3133, 81.0
3134, 83.0
3135, 74.0
3136, 80.0
3137, 74.0
3138, 78.0
3139, 78.0
3140, 82.0
3141, 81.0
3142, 81.0
3143, 86.0
3144, 76.0
3145, 77.0
3146, 76.0
3147, 78.0
3148, 80.0
3149, 78.0
3150, 79.0
3151, 80.0
3152, 86.0
3153, 78.0
3154, 83.0
3155, 81.0
3156, 80.0
3157, 76.0
3158, 80.0
3159, 74.0
3160, 82.0
3161, 75.0
3162, 82.0
3163, 78.0
3164, 80.0
3165, 80.0
3166, 80.0
3167, 79.0
3168, 79.0
3169, 77.0
3170, 79.0
3171, 76.0
3172, 81.0
3173, 81.0
3174, 74.0
3175, 74.0
3176, 79.0
3177, 76.0
3178, 79.0
3179, 78.0
3180, 84.0
3181, 78.0
3182, 80.0
3183, 85.0
3184, 76.0
3185, 82.0
3186, 77.0
3187, 78.0
3188, 81.0
3189, 81.0
3190, 82.0
3191, 78.0
3192, 79.0
3193, 77.0
3194, 78.0
3195, 78.0
3196, 81.0
3197, 72.0
3198, 81.0
3199, 73.0
3200, 80.0
3201, 79.0
3202, 83.0
3203, 74.0
3204, 80.0
3205, 74.0
3206, 83.0
3207, 79.0
3208, 86.0
3209, 78.0
3210, 81.0
3211, 78.0
3212, 84.0
3213, 77.0
3214, 80.0
3215, 79.0
3216, 85.0
3217, 77.0
3218, 76.0
3219, 77.0
3220, 82.0
3221, 80.0
3222, 84.0
3223, 78.0
3224, 78.0
3225, 78.0
3226, 77.0
3227, 80.0
3228, 80.0
3229, 75.0
3230, 78.0
3231, 79.0
3232, 82.0
3233, 78.0
3234, 80.0
3235, 78.0
3236, 78.0
3237, 76.0
3238, 83.0
3239, 78.0
3240, 78.0
3241, 81.0
3242, 81.0
3243, 76.0
3244, 82.0
3245, 78.0
3246, 80.0
3247, 80.0
3248, 84.0
3249, 79.0
3250, 84.0
3251, 78.0
3252, 77.0
3253, 78.0
3254, 83.0
3255, 75.0
3256, 80.0
3257, 75.0
3258, 81.0
3259, 72.0
3260, 81.0
3261, 79.0
3262, 86.0
3263, 81.0
3264, 84.0
3265, 77.0
3266, 75.0
3267, 80.0
3268, 77.0
3269, 81.0
3270, 82.0
3271, 77.0
3272, 82.0
3273, 78.0
3274, 83.0
3275, 75.0
3276, 82.0
3277, 78.0
3278, 85.0
3279, 76.0
3280, 82.0
3281, 79.0
3282, 77.0
3283, 77.0
3284, 85.0
3285, 81.0
3286, 80.0
3287, 75.0
3288, 79.0
3289, 80.0
3290, 83.0
3291, 74.0
3292, 82.0
3293, 76.0
3294, 81.0
3295, 75.0
3296, 77.0
3297, 76.0
3298, 80.0
3299, 77.0
3300, 81.0
3301, 77.0
3302, 81.0
3303, 79.0
3304, 82.0
3305, 81.0
3306, 79.0
3307, 79.0
3308, 76.0
3309, 77.0
3310, 81.0
3311, 84.0
3312, 83.0
3313, 83.0
3314, 80.0
3315, 79.0
3316, 76.0
3317, 75.0
3318, 78.0
3319, 76.0
3320, 80.0
3321, 76.0
3322, 82.0
3323, 76.0
3324, 79.0
3325, 84.0
3326, 83.0
3327, 72.0
3328, 76.0
3329, 76.0
3330, 83.0
3331, 81.0
3332, 81.0
3333, 75.0
3334, 80.0
3335, 80.0
3336, 78.0
3337, 76.0
3338, 79.0
3339, 80.0
3340, 83.0
3341, 78.0
3342, 84.0
3343, 75.0
3344, 80.0
3345, 82.0
3346, 82.0
3347, 76.0
3348, 81.0
3349, 77.0
3350, 84.0
3351, 70.0
3352, 84.0
3353, 77.0
3354, 78.0
3355, 76.0
3356, 81.0
3357, 80.0
3358, 77.0
3359, 78.0
3360, 81.0
3361, 76.0
3362, 80.0
3363, 77.0
3364, 82.0
3365, 79.0
3366, 78.0
3367, 82.0
3368, 79.0
3369, 77.0
3370, 82.0
3371, 77.0
3372, 83.0
3373, 76.0
3374, 84.0
3375, 77.0
3376, 82.0
3377, 78.0
3378, 84.0
3379, 75.0
3380, 79.0
3381, 78.0
3382, 75.0
3383, 76.0
3384, 81.0
3385, 75.0
3386, 76.0
3387, 82.0
3388, 80.0
3389, 76.0
3390, 83.0
3391, 82.0
3392, 77.0
3393, 78.0
3394, 80.0
3395, 77.0
3396, 82.0
3397, 78.0
3398, 80.0
3399, 79.0
3400, 83.0
3401, 80.0
3402, 83.0
3403, 75.0
3404, 81.0
3405, 80.0
3406, 83.0
3407, 83.0
3408, 80.0
3409, 72.0
3410, 78.0
3411, 80.0
3412, 82.0
3413, 77.0
3414, 83.0
3415, 77.0
3416, 82.0
3417, 77.0
3418, 80.0
3419, 75.0
3420, 76.0
3421, 80.0
3422, 84.0
3423, 77.0
3424, 86.0
3425, 81.0
3426, 79.0
3427, 80.0
3428, 82.0
3429, 78.0
3430, 80.0
3431, 76.0
3432, 75.0
3433, 77.0
3434, 81.0
3435, 82.0
3436, 77.0
3437, 79.0
3438, 81.0
3439, 79.0
3440, 78.0
3441, 77.0
3442, 81.0
3443, 76.0
3444, 85.0
3445, 79.0
3446, 79.0
3447, 77.0
3448, 75.0
3449, 80.0
3450, 76.0
3451, 78.0
3452, 82.0
3453, 80.0
3454, 80.0
3455, 80.0
3456, 82.0
3457, 76.0
3458, 79.0
3459, 76.0
3460, 85.0
3461, 82.0
3462, 79.0
3463, 78.0
3464, 77.0
3465, 83.0
3466, 82.0
3467, 76.0
3468, 85.0
3469, 79.0
3470, 78.0
3471, 77.0
3472, 78.0
3473, 79.0
3474, 86.0
3475, 82.0
3476, 82.0
3477, 76.0
3478, 82.0
3479, 73.0
3480, 80.0
3481, 78.0
3482, 83.0
3483, 73.0
3484, 83.0
3485, 79.0
3486, 83.0
3487, 79.0
3488, 81.0
3489, 76.0
3490, 79.0
3491, 78.0
3492, 80.0
3493, 76.0
3494, 79.0
3495, 78.0
3496, 84.0
3497, 78.0
3498, 81.0
3499, 79.0
3500, 77.0
3501, 78.0
3502, 76.0
3503, 74.0
3504, 77.0
3505, 75.0
3506, 81.0
3507, 76.0
3508, 84.0
3509, 77.0
3510, 82.0
3511, 78.0
3512, 80.0
3513, 75.0
3514, 81.0
3515, 76.0
3516, 79.0
3517, 78.0
3518, 78.0
3519, 78.0
3520, 79.0
3521, 76.0
3522, 76.0
3523, 79.0
3524, 82.0
3525, 84.0
3526, 79.0
3527, 80.0
3528, 82.0
3529, 76.0
3530, 80.0
3531, 76.0
3532, 82.0
3533, 76.0
3534, 82.0
3535, 72.0
3536, 82.0
3537, 77.0
3538, 84.0
3539, 73.0
3540, 78.0
3541, 76.0
3542, 82.0
3543, 76.0
3544, 85.0
3545, 82.0
3546, 82.0
3547, 79.0
3548, 79.0
3549, 72.0
3550, 83.0
3551, 78.0
3552, 84.0
3553, 80.0
3554, 81.0
3555, 83.0
3556, 77.0
3557, 81.0
3558, 77.0
3559, 79.0
3560, 81.0
3561, 82.0
3562, 77.0
3563, 77.0
3564, 82.0
3565, 81.0
3566, 80.0
3567, 80.0
3568, 81.0
3569, 79.0
3570, 84.0
3571, 81.0
3572, 86.0
3573, 80.0
3574, 76.0
3575, 82.0
3576, 84.0
3577, 77.0
3578, 78.0
3579, 81.0
3580, 80.0
3581, 78.0
3582, 82.0
3583, 78.0
3584, 84.0
3585, 78.0
3586, 79.0
3587, 79.0
3588, 80.0
3589, 80.0
3590, 77.0
3591, 77.0
3592, 81.0
3593, 75.0
3594, 85.0
3595, 82.0
3596, 81.0
3597, 79.0
3598, 83.0
3599, 77.0
3600, 80.0
3601, 84.0
3602, 82.0
3603, 78.0
3604, 83.0
3605, 78.0
3606, 81.0
3607, 79.0
3608, 81.0
3609, 78.0
3610, 83.0
3611, 76.0
3612, 82.0
3613, 75.0
3614, 80.0
3615, 79.0
3616, 82.0
3617, 80.0
3618, 86.0
3619, 78.0
3620, 79.0
3621, 79.0
3622, 79.0
3623, 80.0
3624, 83.0
3625, 81.0
3626, 80.0
3627, 83.0
3628, 82.0
3629, 81.0
3630, 80.0
3631, 78.0
3632, 75.0
3633, 78.0
3634, 81.0
3635, 80.0
3636, 81.0
3637, 82.0
3638, 80.0
3639, 78.0
3640, 83.0
3641, 82.0
3642, 81.0
3643, 78.0
3644, 81.0
3645, 80.0
3646, 84.0
3647,  1.0

