Single
3648
Scan 0,   
0, 83.0
1, 76.0
2, 77.0
3, 80.0
4, 79.0
5, 81.0
6, 82.0
7, 78.0
8, 78.0
9, 80.0
10, 77.0
11, 79.0
12, 78.0
13, 75.0
14, 76.0
15, 79.0
16, 80.0
17, 78.0
18, 78.0
19, 77.0
20, 80.0
21, 79.0
22, 83.0
23, 77.0
24, 79.0
25, 81.0
26, 78.0
27, 76.0
28, 78.0
29, 78.0
30, 82.0
31, 78.0
32, 76.0
33, 76.0
34, 75.0
35, 78.0
36, 79.0
37, 78.0
38, 78.0
39, 79.0
40, 82.0
41, 77.0
42, 75.0
43, 80.0
44, 82.0
45, 80.0
46, 79.0
47, 80.0
48, 77.0
49, 77.0
50, 76.0
51, 82.0
52, 78.0
53, 76.0
54, 77.0
55, 73.0
56, 77.0
57, 75.0
58, 75.0
59, 80.0
60, 76.0
61, 76.0
62, 77.0
63, 78.0
64, 78.0
65, 80.0
66, 79.0
67, 77.0
68, 80.0
69, 75.0
70, 80.0
71, 76.0
72, 75.0
73, 77.0
74, 76.0
75, 79.0
76, 78.0
77, 79.0
78, 76.0
79, 79.0
80, 76.0
81, 78.0
82, 76.0
83, 74.0
84, 78.0
85, 79.0
86, 81.0
87, 79.0
88, 75.0
89, 80.0
90, 74.0
91, 75.0
92, 76.0
93, 76.0
94, 74.0
95, 79.0
96, 76.0
97, 79.0
98, 75.0
99, 75.0
100, 80.0
101, 73.0
102, 76.0
103, 73.0
104, 75.0
105, 77.0
106, 73.0
107, 77.0
108, 76.0
109, 77.0
110, 74.0
111, 73.0
112, 72.0
113, 75.0
114, 78.0
115, 77.0
116, 78.0
117, 78.0
118, 77.0
119, 75.0
120, 74.0
121, 73.0
122, 73.0
123, 78.0
124, 76.0
125, 77.0
126, 71.0
127, 75.0
128, 76.0
129, 76.0
130, 77.0
131, 74.0
132, 77.0
133, 74.0
134, 78.0
135, 73.0
136, 74.0
137, 75.0
138, 81.0
139, 74.0
140, 75.0
141, 77.0
142, 72.0
143, 71.0
144, 74.0
145, 75.0
146, 78.0
147, 75.0
148, 77.0
149, 80.0
150, 77.0
151, 76.0
152, 75.0
153, 78.0
154, 74.0
155, 79.0
156, 78.0
157, 78.0
158, 79.0
159, 75.0
160, 75.0
161, 76.0
162, 75.0
163, 73.0
164, 72.0
165, 78.0
166, 77.0
167, 73.0
168, 79.0
169, 77.0
170, 72.0
171, 74.0
172, 74.0
173, 73.0
174, 75.0
175, 77.0
176, 76.0
177, 73.0
178, 75.0
179, 70.0
180, 73.0
181, 75.0
182, 76.0
183, 74.0
184, 76.0
185, 73.0
186, 75.0
187, 75.0
188, 76.0
189, 77.0
190, 78.0
191, 71.0
192, 78.0
193, 75.0
194, 72.0
195, 73.0
196, 72.0
197, 78.0
198, 78.0
199, 73.0
200, 75.0
201, 77.0
202, 77.0
203, 77.0
204, 73.0
205, 79.0
206, 76.0
207, 77.0
208, 78.0
209, 76.0
210, 71.0
211, 72.0
212, 78.0
213, 77.0
214, 75.0
215, 79.0
216, 71.0
217, 76.0
218, 77.0
219, 76.0
220, 80.0
221, 74.0
222, 70.0
223, 73.0
224, 70.0
225, 81.0
226, 74.0
227, 77.0
228, 75.0
229, 73.0
230, 76.0
231, 74.0
232, 74.0
233, 70.0
234, 74.0
235, 74.0
236, 77.0
237, 80.0
238, 70.0
239, 74.0
240, 75.0
241, 75.0
242, 73.0
243, 74.0
244, 79.0
245, 76.0
246, 75.0
247, 73.0
248, 75.0
249, 76.0
250, 75.0
251, 80.0
252, 75.0
253, 74.0
254, 75.0
255, 76.0
256, 71.0
257, 73.0
258, 72.0
259, 76.0
260, 72.0
261, 69.0
262, 78.0
263, 76.0
264, 73.0
265, 76.0
266, 74.0
267, 75.0
268, 76.0
269, 74.0
270, 79.0
271, 74.0
272, 72.0
273, 79.0
274, 74.0
275, 75.0
276, 75.0
277, 73.0
278, 79.0
279, 76.0
280, 74.0
281, 74.0
282, 72.0
283, 73.0
284, 76.0
285, 76.0
286, 76.0
287, 74.0
288, 78.0
289, 79.0
290, 76.0
291, 76.0
292, 77.0
293, 75.0
294, 78.0
295, 77.0
296, 77.0
297, 70.0
298, 78.0
299, 80.0
300, 76.0
301, 72.0
302, 75.0
303, 76.0
304, 75.0
305, 75.0
306, 76.0
307, 74.0
308, 73.0
309, 74.0
310, 76.0
311, 74.0
312, 71.0
313, 76.0
314, 74.0
315, 78.0
316, 73.0
317, 76.0
318, 76.0
319, 72.0
320, 77.0
321, 75.0
322, 77.0
323, 81.0
324, 77.0
325, 69.0
326, 78.0
327, 76.0
328, 76.0
329, 75.0
330, 80.0
331, 76.0
332, 71.0
333, 75.0
334, 78.0
335, 76.0
336, 74.0
337, 76.0
338, 71.0
339, 70.0
340, 77.0
341, 73.0
342, 80.0
343, 72.0
344, 79.0
345, 75.0
346, 78.0
347, 74.0
348, 73.0
349, 77.0
350, 79.0
351, 74.0
352, 79.0
353, 75.0
354, 72.0
355, 76.0
356, 75.0
357, 76.0
358, 77.0
359, 71.0
360, 75.0
361, 73.0
362, 73.0
363, 79.0
364, 74.0
365, 73.0
366, 75.0
367, 73.0
368, 73.0
369, 76.0
370, 73.0
371, 78.0
372, 74.0
373, 76.0
374, 78.0
375, 76.0
376, 77.0
377, 72.0
378, 76.0
379, 72.0
380, 77.0
381, 75.0
382, 80.0
383, 74.0
384, 79.0
385, 74.0
386, 75.0
387, 75.0
388, 73.0
389, 77.0
390, 77.0
391, 72.0
392, 76.0
393, 70.0
394, 77.0
395, 77.0
396, 77.0
397, 78.0
398, 76.0
399, 78.0
400, 74.0
401, 72.0
402, 69.0
403, 77.0
404, 80.0
405, 77.0
406, 70.0
407, 77.0
408, 73.0
409, 73.0
410, 81.0
411, 73.0
412, 79.0
413, 73.0
414, 70.0
415, 73.0
416, 78.0
417, 75.0
418, 75.0
419, 77.0
420, 74.0
421, 75.0
422, 80.0
423, 71.0
424, 75.0
425, 73.0
426, 76.0
427, 76.0
428, 71.0
429, 73.0
430, 78.0
431, 67.0
432, 78.0
433, 75.0
434, 76.0
435, 73.0
436, 73.0
437, 78.0
438, 74.0
439, 79.0
440, 76.0
441, 74.0
442, 75.0
443, 77.0
444, 73.0
445, 72.0
446, 75.0
447, 78.0
448, 75.0
449, 75.0
450, 72.0
451, 74.0
452, 78.0
453, 70.0
454, 74.0
455, 72.0
456, 76.0
457, 79.0
458, 79.0
459, 78.0
460, 76.0
461, 73.0
462, 76.0
463, 75.0
464, 75.0
465, 70.0
466, 71.0
467, 69.0
468, 77.0
469, 77.0
470, 74.0
471, 75.0
472, 73.0
473, 75.0
474, 76.0
475, 75.0
476, 77.0
477, 76.0
478, 74.0
479, 74.0
480, 71.0
481, 76.0
482, 78.0
483, 75.0
484, 74.0
485, 76.0
486, 75.0
487, 76.0
488, 72.0
489, 76.0
490, 73.0
491, 75.0
492, 76.0
493, 73.0
494, 73.0
495, 76.0
496, 78.0
497, 75.0
498, 76.0
499, 75.0
500, 74.0
501, 74.0
502, 74.0
503, 77.0
504, 73.0
505, 79.0
506, 76.0
507, 78.0
508, 77.0
509, 71.0
510, 74.0
511, 75.0
512, 78.0
513, 72.0
514, 76.0
515, 74.0
516, 76.0
517, 74.0
518, 70.0
519, 71.0
520, 76.0
521, 76.0
522, 77.0
523, 73.0
524, 75.0
525, 78.0
526, 79.0
527, 74.0
528, 78.0
529, 75.0
530, 79.0
531, 74.0
532, 72.0
533, 75.0
534, 78.0
535, 75.0
536, 73.0
537, 76.0
538, 72.0
539, 71.0
540, 74.0
541, 76.0
542, 77.0
543, 75.0
544, 81.0
545, 74.0
546, 76.0
547, 72.0
548, 74.0
549, 76.0
550, 78.0
551, 72.0
552, 76.0
553, 74.0
554, 77.0
555, 77.0
556, 76.0
557, 77.0
558, 80.0
559, 72.0
560, 78.0
561, 78.0
562, 77.0
563, 79.0
564, 76.0
565, 78.0
566, 72.0
567, 74.0
568, 74.0
569, 74.0
570, 74.0
571, 74.0
572, 74.0
573, 73.0
574, 77.0
575, 76.0
576, 74.0
577, 75.0
578, 77.0
579, 72.0
580, 80.0
581, 75.0
582, 76.0
583, 78.0
584, 74.0
585, 80.0
586, 79.0
587, 73.0
588, 79.0
589, 73.0
590, 71.0
591, 78.0
592, 77.0
593, 78.0
594, 77.0
595, 77.0
596, 79.0
597, 81.0
598, 80.0
599, 78.0
600, 76.0
601, 74.0
602, 70.0
603, 76.0
604, 77.0
605, 72.0
606, 80.0
607, 77.0
608, 73.0
609, 78.0
610, 74.0
611, 76.0
612, 77.0
613, 76.0
614, 70.0
615, 71.0
616, 70.0
617, 80.0
618, 80.0
619, 77.0
620, 75.0
621, 73.0
622, 80.0
623, 75.0
624, 74.0
625, 76.0
626, 75.0
627, 78.0
628, 78.0
629, 75.0
630, 73.0
631, 76.0
632, 78.0
633, 79.0
634, 74.0
635, 76.0
636, 73.0
637, 76.0
638, 74.0
639, 70.0
640, 73.0
641, 75.0
642, 75.0
643, 73.0
644, 72.0
645, 73.0
646, 77.0
647, 82.0
648, 78.0
649, 77.0
650, 76.0
651, 74.0
652, 76.0
653, 75.0
654, 79.0
655, 76.0
656, 74.0
657, 73.0
658, 76.0
659, 72.0
660, 82.0
661, 71.0
662, 76.0
663, 73.0
664, 76.0
665, 76.0
666, 75.0
667, 77.0
668, 76.0
669, 79.0
670, 73.0
671, 74.0
672, 77.0
673, 76.0
674, 77.0
675, 75.0
676, 68.0
677, 76.0
678, 81.0
679, 77.0
680, 76.0
681, 78.0
682, 77.0
683, 77.0
684, 72.0
685, 71.0
686, 79.0
687, 77.0
688, 78.0
689, 77.0
690, 74.0
691, 77.0
692, 74.0
693, 81.0
694, 74.0
695, 72.0
696, 73.0
697, 77.0
698, 72.0
699, 78.0
700, 82.0
701, 73.0
702, 71.0
703, 79.0
704, 77.0
705, 79.0
706, 74.0
707, 79.0
708, 77.0
709, 73.0
710, 77.0
711, 79.0
712, 76.0
713, 74.0
714, 77.0
715, 77.0
716, 80.0
717, 77.0
718, 79.0
719, 74.0
720, 76.0
721, 78.0
722, 75.0
723, 70.0
724, 72.0
725, 74.0
726, 79.0
727, 77.0
728, 78.0
729, 77.0
730, 74.0
731, 76.0
732, 77.0
733, 75.0
734, 76.0
735, 74.0
736, 75.0
737, 78.0
738, 75.0
739, 79.0
740, 78.0
741, 73.0
742, 74.0
743, 74.0
744, 76.0
745, 75.0
746, 73.0
747, 76.0
748, 76.0
749, 76.0
750, 75.0
751, 72.0
752, 76.0
753, 79.0
754, 76.0
755, 77.0
756, 81.0
757, 78.0
758, 72.0
759, 82.0
760, 79.0
761, 82.0
762, 80.0
763, 74.0
764, 76.0
765, 78.0
766, 72.0
767, 75.0
768, 76.0
769, 78.0
770, 73.0
771, 73.0
772, 77.0
773, 75.0
774, 78.0
775, 75.0
776, 77.0
777, 74.0
778, 74.0
779, 75.0
780, 78.0
781, 72.0
782, 74.0
783, 77.0
784, 76.0
785, 78.0
786, 73.0
787, 74.0
788, 74.0
789, 74.0
790, 75.0
791, 74.0
792, 77.0
793, 74.0
794, 74.0
795, 78.0
796, 78.0
797, 80.0
798, 74.0
799, 72.0
800, 78.0
801, 76.0
802, 76.0
803, 74.0
804, 73.0
805, 73.0
806, 79.0
807, 74.0
808, 77.0
809, 76.0
810, 79.0
811, 79.0
812, 79.0
813, 74.0
814, 72.0
815, 79.0
816, 75.0
817, 79.0
818, 74.0
819, 76.0
820, 73.0
821, 82.0
822, 73.0
823, 76.0
824, 77.0
825, 76.0
826, 73.0
827, 75.0
828, 80.0
829, 73.0
830, 72.0
831, 72.0
832, 75.0
833, 75.0
834, 73.0
835, 79.0
836, 74.0
837, 77.0
838, 75.0
839, 74.0
840, 73.0
841, 78.0
842, 77.0
843, 71.0
844, 77.0
845, 75.0
846, 75.0
847, 76.0
848, 75.0
849, 74.0
850, 77.0
851, 73.0
852, 76.0
853, 72.0
854, 76.0
855, 77.0
856, 77.0
857, 76.0
858, 74.0
859, 75.0
860, 75.0
861, 80.0
862, 73.0
863, 72.0
864, 78.0
865, 78.0
866, 73.0
867, 76.0
868, 70.0
869, 73.0
870, 77.0
871, 77.0
872, 79.0
873, 71.0
874, 77.0
875, 74.0
876, 75.0
877, 76.0
878, 76.0
879, 72.0
880, 75.0
881, 74.0
882, 77.0
883, 75.0
884, 76.0
885, 75.0
886, 76.0
887, 77.0
888, 74.0
889, 76.0
890, 81.0
891, 77.0
892, 77.0
893, 77.0
894, 76.0
895, 73.0
896, 77.0
897, 70.0
898, 74.0
899, 78.0
900, 79.0
901, 72.0
902, 73.0
903, 76.0
904, 76.0
905, 75.0
906, 76.0
907, 76.0
908, 74.0
909, 77.0
910, 77.0
911, 78.0
912, 78.0
913, 75.0
914, 74.0
915, 76.0
916, 74.0
917, 81.0
918, 75.0
919, 74.0
920, 74.0
921, 74.0
922, 77.0
923, 75.0
924, 76.0
925, 77.0
926, 74.0
927, 70.0
928, 75.0
929, 76.0
930, 73.0
931, 77.0
932, 73.0
933, 78.0
934, 75.0
935, 78.0
936, 75.0
937, 75.0
938, 79.0
939, 73.0
940, 76.0
941, 73.0
942, 78.0
943, 77.0
944, 80.0
945, 72.0
946, 80.0
947, 79.0
948, 71.0
949, 72.0
950, 78.0
951, 78.0
952, 81.0
953, 71.0
954, 75.0
955, 76.0
956, 81.0
957, 74.0
958, 74.0
959, 76.0
960, 77.0
961, 76.0
962, 76.0
963, 76.0
964, 76.0
965, 83.0
966, 80.0
967, 77.0
968, 82.0
969, 77.0
970, 75.0
971, 74.0
972, 78.0
973, 75.0
974, 80.0
975, 77.0
976, 82.0
977, 78.0
978, 74.0
979, 77.0
980, 75.0
981, 77.0
982, 79.0
983, 76.0
984, 78.0
985, 75.0
986, 77.0
987, 81.0
988, 77.0
989, 76.0
990, 74.0
991, 79.0
992, 78.0
993, 71.0
994, 76.0
995, 72.0
996, 79.0
997, 77.0
998, 74.0
999, 78.0
1000, 79.0
1001, 78.0
1002, 80.0
1003, 73.0
1004, 76.0
1005, 77.0
1006, 76.0
1007, 76.0
1008, 77.0
1009, 78.0
1010, 75.0
1011, 73.0
1012, 76.0
1013, 74.0
1014, 81.0
1015, 77.0
1016, 76.0
1017, 75.0
1018, 73.0
1019, 78.0
1020, 78.0
1021, 74.0
1022, 79.0
1023, 78.0
1024, 77.0
1025, 75.0
1026, 79.0
1027, 79.0
1028, 73.0
1029, 76.0
1030, 76.0
1031, 75.0
1032, 76.0
1033, 71.0
1034, 76.0
1035, 76.0
1036, 78.0
1037, 77.0
1038, 75.0
1039, 77.0
1040, 73.0
1041, 77.0
1042, 74.0
1043, 78.0
1044, 75.0
1045, 77.0
1046, 80.0
1047, 71.0
1048, 77.0
1049, 76.0
1050, 80.0
1051, 76.0
1052, 77.0
1053, 74.0
1054, 75.0
1055, 76.0
1056, 74.0
1057, 78.0
1058, 77.0
1059, 76.0
1060, 74.0
1061, 71.0
1062, 75.0
1063, 79.0
1064, 76.0
1065, 79.0
1066, 77.0
1067, 74.0
1068, 79.0
1069, 79.0
1070, 78.0
1071, 77.0
1072, 72.0
1073, 70.0
1074, 74.0
1075, 71.0
1076, 79.0
1077, 79.0
1078, 75.0
1079, 73.0
1080, 75.0
1081, 76.0
1082, 76.0
1083, 81.0
1084, 72.0
1085, 77.0
1086, 75.0
1087, 78.0
1088, 72.0
1089, 78.0
1090, 76.0
1091, 77.0
1092, 78.0
1093, 80.0
1094, 74.0
1095, 77.0
1096, 75.0
1097, 74.0
1098, 75.0
1099, 73.0
1100, 76.0
1101, 76.0
1102, 81.0
1103, 71.0
1104, 73.0
1105, 76.0
1106, 75.0
1107, 75.0
1108, 76.0
1109, 75.0
1110, 76.0
1111, 72.0
1112, 76.0
1113, 80.0
1114, 73.0
1115, 77.0
1116, 76.0
1117, 79.0
1118, 79.0
1119, 72.0
1120, 76.0
1121, 77.0
1122, 73.0
1123, 75.0
1124, 79.0
1125, 79.0
1126, 73.0
1127, 73.0
1128, 75.0
1129, 72.0
1130, 74.0
1131, 75.0
1132, 77.0
1133, 72.0
1134, 73.0
1135, 72.0
1136, 76.0
1137, 77.0
1138, 73.0
1139, 76.0
1140, 75.0
1141, 77.0
1142, 72.0
1143, 77.0
1144, 76.0
1145, 77.0
1146, 73.0
1147, 73.0
1148, 77.0
1149, 80.0
1150, 77.0
1151, 74.0
1152, 75.0
1153, 75.0
1154, 76.0
1155, 74.0
1156, 79.0
1157, 78.0
1158, 79.0
1159, 79.0
1160, 78.0
1161, 71.0
1162, 76.0
1163, 76.0
1164, 78.0
1165, 78.0
1166, 78.0
1167, 73.0
1168, 74.0
1169, 80.0
1170, 78.0
1171, 71.0
1172, 71.0
1173, 76.0
1174, 77.0
1175, 78.0
1176, 76.0
1177, 76.0
1178, 79.0
1179, 79.0
1180, 77.0
1181, 74.0
1182, 77.0
1183, 70.0
1184, 77.0
1185, 81.0
1186, 76.0
1187, 74.0
1188, 72.0
1189, 72.0
1190, 72.0
1191, 76.0
1192, 69.0
1193, 76.0
1194, 74.0
1195, 76.0
1196, 77.0
1197, 74.0
1198, 80.0
1199, 77.0
1200, 74.0
1201, 76.0
1202, 73.0
1203, 79.0
1204, 75.0
1205, 73.0
1206, 72.0
1207, 78.0
1208, 78.0
1209, 73.0
1210, 75.0
1211, 77.0
1212, 72.0
1213, 75.0
1214, 76.0
1215, 76.0
1216, 72.0
1217, 75.0
1218, 76.0
1219, 76.0
1220, 78.0
1221, 75.0
1222, 75.0
1223, 76.0
1224, 72.0
1225, 75.0
1226, 74.0
1227, 74.0
1228, 75.0
1229, 77.0
1230, 72.0
1231, 76.0
1232, 77.0
1233, 75.0
1234, 76.0
1235, 77.0
1236, 74.0
1237, 76.0
1238, 71.0
1239, 80.0
1240, 77.0
1241, 78.0
1242, 74.0
1243, 78.0
1244, 75.0
1245, 79.0
1246, 72.0
1247, 79.0
1248, 79.0
1249, 76.0
1250, 72.0
1251, 71.0
1252, 78.0
1253, 77.0
1254, 73.0
1255, 77.0
1256, 80.0
1257, 77.0
1258, 75.0
1259, 75.0
1260, 78.0
1261, 74.0
1262, 76.0
1263, 75.0
1264, 73.0
1265, 77.0
1266, 75.0
1267, 73.0
1268, 77.0
1269, 76.0
1270, 74.0
1271, 73.0
1272, 74.0
1273, 74.0
1274, 79.0
1275, 76.0
1276, 75.0
1277, 71.0
1278, 78.0
1279, 70.0
1280, 71.0
1281, 74.0
1282, 74.0
1283, 71.0
1284, 75.0
1285, 74.0
1286, 77.0
1287, 77.0
1288, 71.0
1289, 72.0
1290, 71.0
1291, 77.0
1292, 75.0
1293, 76.0
1294, 72.0
1295, 72.0
1296, 72.0
1297, 78.0
1298, 72.0
1299, 75.0
1300, 72.0
1301, 76.0
1302, 75.0
1303, 78.0
1304, 76.0
1305, 75.0
1306, 75.0
1307, 71.0
1308, 75.0
1309, 75.0
1310, 77.0
1311, 69.0
1312, 80.0
1313, 77.0
1314, 74.0
1315, 78.0
1316, 79.0
1317, 76.0
1318, 75.0
1319, 77.0
1320, 71.0
1321, 76.0
1322, 80.0
1323, 78.0
1324, 80.0
1325, 74.0
1326, 73.0
1327, 71.0
1328, 77.0
1329, 74.0
1330, 76.0
1331, 72.0
1332, 74.0
1333, 75.0
1334, 74.0
1335, 74.0
1336, 75.0
1337, 76.0
1338, 77.0
1339, 76.0
1340, 79.0
1341, 70.0
1342, 71.0
1343, 70.0
1344, 72.0
1345, 77.0
1346, 72.0
1347, 77.0
1348, 75.0
1349, 75.0
1350, 77.0
1351, 74.0
1352, 79.0
1353, 76.0
1354, 77.0
1355, 75.0
1356, 79.0
1357, 77.0
1358, 73.0
1359, 72.0
1360, 77.0
1361, 75.0
1362, 78.0
1363, 78.0
1364, 72.0
1365, 80.0
1366, 75.0
1367, 76.0
1368, 78.0
1369, 74.0
1370, 74.0
1371, 76.0
1372, 81.0
1373, 75.0
1374, 70.0
1375, 72.0
1376, 72.0
1377, 75.0
1378, 75.0
1379, 75.0
1380, 76.0
1381, 74.0
1382, 76.0
1383, 79.0
1384, 77.0
1385, 77.0
1386, 76.0
1387, 73.0
1388, 75.0
1389, 78.0
1390, 76.0
1391, 79.0
1392, 78.0
1393, 76.0
1394, 75.0
1395, 78.0
1396, 75.0
1397, 76.0
1398, 76.0
1399, 77.0
1400, 74.0
1401, 73.0
1402, 74.0
1403, 74.0
1404, 74.0
1405, 74.0
1406, 72.0
1407, 74.0
1408, 70.0
1409, 74.0
1410, 75.0
1411, 71.0
1412, 75.0
1413, 75.0
1414, 74.0
1415, 76.0
1416, 79.0
1417, 72.0
1418, 73.0
1419, 70.0
1420, 75.0
1421, 72.0
1422, 71.0
1423, 78.0
1424, 71.0
1425, 74.0
1426, 73.0
1427, 74.0
1428, 70.0
1429, 77.0
1430, 72.0
1431, 69.0
1432, 73.0
1433, 78.0
1434, 78.0
1435, 74.0
1436, 77.0
1437, 70.0
1438, 72.0
1439, 73.0
1440, 74.0
1441, 73.0
1442, 77.0
1443, 76.0
1444, 78.0
1445, 75.0
1446, 76.0
1447, 75.0
1448, 75.0
1449, 73.0
1450, 71.0
1451, 71.0
1452, 76.0
1453, 76.0
1454, 72.0
1455, 76.0
1456, 74.0
1457, 78.0
1458, 74.0
1459, 74.0
1460, 78.0
1461, 74.0
1462, 76.0
1463, 74.0
1464, 78.0
1465, 77.0
1466, 76.0
1467, 69.0
1468, 78.0
1469, 70.0
1470, 75.0
1471, 75.0
1472, 76.0
1473, 74.0
1474, 73.0
1475, 74.0
1476, 73.0
1477, 78.0
1478, 73.0
1479, 72.0
1480, 76.0
1481, 73.0
1482, 71.0
1483, 73.0
1484, 73.0
1485, 72.0
1486, 75.0
1487, 76.0
1488, 76.0
1489, 76.0
1490, 73.0
1491, 76.0
1492, 75.0
1493, 74.0
1494, 77.0
1495, 71.0
1496, 77.0
1497, 77.0
1498, 73.0
1499, 78.0
1500, 74.0
1501, 72.0
1502, 72.0
1503, 71.0
1504, 73.0
1505, 71.0
1506, 76.0
1507, 75.0
1508, 80.0
1509, 75.0
1510, 81.0
1511, 77.0
1512, 73.0
1513, 74.0
1514, 73.0
1515, 75.0
1516, 72.0
1517, 74.0
1518, 80.0
1519, 72.0
1520, 74.0
1521, 74.0
1522, 75.0
1523, 73.0
1524, 75.0
1525, 76.0
1526, 70.0
1527, 77.0
1528, 77.0
1529, 77.0
1530, 72.0
1531, 69.0
1532, 73.0
1533, 72.0
1534, 75.0
1535, 75.0
1536, 77.0
1537, 72.0
1538, 74.0
1539, 74.0
1540, 78.0
1541, 72.0
1542, 78.0
1543, 76.0
1544, 77.0
1545, 76.0
1546, 81.0
1547, 76.0
1548, 75.0
1549, 78.0
1550, 77.0
1551, 76.0
1552, 71.0
1553, 76.0
1554, 78.0
1555, 77.0
1556, 72.0
1557, 78.0
1558, 77.0
1559, 79.0
1560, 81.0
1561, 75.0
1562, 82.0
1563, 77.0
1564, 75.0
1565, 79.0
1566, 81.0
1567, 81.0
1568, 79.0
1569, 78.0
1570, 81.0
1571, 84.0
1572, 83.0
1573, 82.0
1574, 84.0
1575, 76.0
1576, 78.0
1577, 91.0
1578, 96.0
1579, 87.0
1580, 79.0
1581, 82.0
1582, 93.0
1583,101.0
1584, 87.0
1585, 82.0
1586, 96.0
1587,113.0
1588,134.0
1589,124.0
1590,110.0
1591,147.0
1592,243.0
1593,338.0
1594,322.0
1595,447.0
1596,968.0
1597,1867.0
1598,2554.0
1599,2408.0
1600,1575.0
1601,796.0
1602,429.0
1603,334.0
1604,245.0
1605,153.0
1606,106.0
1607,108.0
1608,119.0
1609, 98.0
1610, 94.0
1611, 94.0
1612, 86.0
1613, 90.0
1614, 96.0
1615, 75.0
1616, 84.0
1617, 82.0
1618, 85.0
1619, 85.0
1620, 85.0
1621, 83.0
1622, 81.0
1623, 82.0
1624, 85.0
1625, 80.0
1626, 82.0
1627, 77.0
1628, 75.0
1629, 80.0
1630, 81.0
1631, 75.0
1632, 78.0
1633, 75.0
1634, 77.0
1635, 77.0
1636, 77.0
1637, 75.0
1638, 86.0
1639, 76.0
1640, 76.0
1641, 75.0
1642, 74.0
1643, 76.0
1644, 75.0
1645, 80.0
1646, 79.0
1647, 75.0
1648, 76.0
1649, 72.0
1650, 77.0
1651, 73.0
1652, 78.0
1653, 77.0
1654, 74.0
1655, 76.0
1656, 72.0
1657, 75.0
1658, 72.0
1659, 78.0
1660, 76.0
1661, 75.0
1662, 81.0
1663, 70.0
1664, 76.0
1665, 75.0
1666, 74.0
1667, 76.0
1668, 75.0
1669, 77.0
1670, 75.0
1671, 75.0
1672, 72.0
1673, 74.0
1674, 76.0
1675, 74.0
1676, 78.0
1677, 76.0
1678, 71.0
1679, 74.0
1680, 75.0
1681, 73.0
1682, 75.0
1683, 79.0
1684, 76.0
1685, 70.0
1686, 74.0
1687, 72.0
1688, 75.0
1689, 74.0
1690, 75.0
1691, 74.0
1692, 74.0
1693, 72.0
1694, 72.0
1695, 77.0
1696, 77.0
1697, 70.0
1698, 74.0
1699, 73.0
1700, 78.0
1701, 76.0
1702, 70.0
1703, 75.0
1704, 71.0
1705, 69.0
1706, 73.0
1707, 73.0
1708, 76.0
1709, 76.0
1710, 72.0
1711, 75.0
1712, 80.0
1713, 77.0
1714, 71.0
1715, 72.0
1716, 78.0
1717, 77.0
1718, 81.0
1719, 78.0
1720, 74.0
1721, 73.0
1722, 75.0
1723, 73.0
1724, 77.0
1725, 73.0
1726, 77.0
1727, 71.0
1728, 76.0
1729, 74.0
1730, 74.0
1731, 78.0
1732, 74.0
1733, 71.0
1734, 74.0
1735, 73.0
1736, 77.0
1737, 72.0
1738, 78.0
1739, 68.0
1740, 75.0
1741, 75.0
1742, 72.0
1743, 76.0
1744, 76.0
1745, 72.0
1746, 74.0
1747, 73.0
1748, 72.0
1749, 74.0
1750, 79.0
1751, 74.0
1752, 72.0
1753, 75.0
1754, 70.0
1755, 75.0
1756, 71.0
1757, 76.0
1758, 77.0
1759, 72.0
1760, 73.0
1761, 70.0
1762, 71.0
1763, 72.0
1764, 74.0
1765, 72.0
1766, 73.0
1767, 71.0
1768, 73.0
1769, 72.0
1770, 73.0
1771, 76.0
1772, 76.0
1773, 73.0
1774, 72.0
1775, 72.0
1776, 74.0
1777, 75.0
1778, 77.0
1779, 72.0
1780, 76.0
1781, 76.0
1782, 74.0
1783, 78.0
1784, 73.0
1785, 70.0
1786, 78.0
1787, 74.0
1788, 73.0
1789, 76.0
1790, 71.0
1791, 77.0
1792, 78.0
1793, 76.0
1794, 73.0
1795, 70.0
1796, 70.0
1797, 78.0
1798, 74.0
1799, 74.0
1800, 72.0
1801, 76.0
1802, 76.0
1803, 72.0
1804, 78.0
1805, 73.0
1806, 77.0
1807, 71.0
1808, 74.0
1809, 77.0
1810, 74.0
1811, 71.0
1812, 76.0
1813, 73.0
1814, 72.0
1815, 74.0
1816, 76.0
1817, 72.0
1818, 72.0
1819, 74.0
1820, 71.0
1821, 77.0
1822, 70.0
1823, 77.0
1824, 71.0
1825, 77.0
1826, 73.0
1827, 70.0
1828, 73.0
1829, 80.0
1830, 80.0
1831, 71.0
1832, 75.0
1833, 78.0
1834, 72.0
1835, 76.0
1836, 72.0
1837, 72.0
1838, 74.0
1839, 76.0
1840, 75.0
1841, 76.0
1842, 76.0
1843, 77.0
1844, 73.0
1845, 74.0
1846, 74.0
1847, 70.0
1848, 71.0
1849, 79.0
1850, 77.0
1851, 74.0
1852, 73.0
1853, 74.0
1854, 73.0
1855, 73.0
1856, 73.0
1857, 72.0
1858, 72.0
1859, 72.0
1860, 73.0
1861, 74.0
1862, 78.0
1863, 73.0
1864, 75.0
1865, 69.0
1866, 75.0
1867, 78.0
1868, 74.0
1869, 72.0
1870, 77.0
1871, 72.0
1872, 76.0
1873, 74.0
1874, 66.0
1875, 75.0
1876, 75.0
1877, 76.0
1878, 73.0
1879, 71.0
1880, 77.0
1881, 73.0
1882, 75.0
1883, 71.0
1884, 72.0
1885, 69.0
1886, 75.0
1887, 73.0
1888, 71.0
1889, 72.0
1890, 74.0
1891, 72.0
1892, 70.0
1893, 72.0
1894, 77.0
1895, 70.0
1896, 75.0
1897, 73.0
1898, 73.0
1899, 72.0
1900, 76.0
1901, 66.0
1902, 73.0
1903, 72.0
1904, 75.0
1905, 74.0
1906, 74.0
1907, 75.0
1908, 74.0
1909, 70.0
1910, 73.0
1911, 77.0
1912, 73.0
1913, 75.0
1914, 74.0
1915, 72.0
1916, 75.0
1917, 72.0
1918, 72.0
1919, 71.0
1920, 76.0
1921, 77.0
1922, 70.0
1923, 73.0
1924, 71.0
1925, 76.0
1926, 77.0
1927, 73.0
1928, 73.0
1929, 73.0
1930, 74.0
1931, 74.0
1932, 70.0
1933, 74.0
1934, 76.0
1935, 71.0
1936, 73.0
1937, 74.0
1938, 75.0
1939, 70.0
1940, 73.0
1941, 73.0
1942, 73.0
1943, 75.0
1944, 73.0
1945, 73.0
1946, 77.0
1947, 75.0
1948, 70.0
1949, 75.0
1950, 73.0
1951, 72.0
1952, 77.0
1953, 74.0
1954, 69.0
1955, 73.0
1956, 72.0
1957, 71.0
1958, 71.0
1959, 72.0
1960, 73.0
1961, 75.0
1962, 71.0
1963, 79.0
1964, 72.0
1965, 72.0
1966, 71.0
1967, 72.0
1968, 78.0
1969, 73.0
1970, 72.0
1971, 67.0
1972, 71.0
1973, 74.0
1974, 79.0
1975, 69.0
1976, 74.0
1977, 72.0
1978, 74.0
1979, 70.0
1980, 74.0
1981, 74.0
1982, 74.0
1983, 73.0
1984, 76.0
1985, 74.0
1986, 80.0
1987, 78.0
1988, 72.0
1989, 75.0
1990, 76.0
1991, 71.0
1992, 70.0
1993, 70.0
1994, 73.0
1995, 73.0
1996, 71.0
1997, 73.0
1998, 73.0
1999, 76.0
2000, 73.0
2001, 76.0
2002, 76.0
2003, 77.0
2004, 73.0
2005, 72.0
2006, 73.0
2007, 73.0
2008, 73.0
2009, 71.0
2010, 70.0
2011, 74.0
2012, 76.0
2013, 71.0
2014, 74.0
2015, 73.0
2016, 75.0
2017, 71.0
2018, 76.0
2019, 75.0
2020, 76.0
2021, 76.0
2022, 71.0
2023, 78.0
2024, 71.0
2025, 74.0
2026, 75.0
2027, 71.0
2028, 71.0
2029, 74.0
2030, 73.0
2031, 75.0
2032, 74.0
2033, 71.0
2034, 73.0
2035, 69.0
2036, 71.0
2037, 73.0
2038, 70.0
2039, 74.0
2040, 73.0
2041, 73.0
2042, 70.0
2043, 76.0
2044, 75.0
2045, 73.0
2046, 74.0
2047, 76.0
2048, 74.0
2049, 72.0
2050, 71.0
2051, 73.0
2052, 71.0
2053, 73.0
2054, 73.0
2055, 74.0
2056, 75.0
2057, 71.0
2058, 76.0
2059, 67.0
2060, 76.0
2061, 76.0
2062, 74.0
2063, 74.0
2064, 76.0
2065, 73.0
2066, 75.0
2067, 73.0
2068, 70.0
2069, 72.0
2070, 72.0
2071, 73.0
2072, 75.0
2073, 71.0
2074, 68.0
2075, 73.0
2076, 73.0
2077, 72.0
2078, 71.0
2079, 70.0
2080, 71.0
2081, 71.0
2082, 79.0
2083, 72.0
2084, 71.0
2085, 73.0
2086, 72.0
2087, 72.0
2088, 69.0
2089, 75.0
2090, 73.0
2091, 68.0
2092, 70.0
2093, 72.0
2094, 72.0
2095, 72.0
2096, 75.0
2097, 72.0
2098, 74.0
2099, 73.0
2100, 69.0
2101, 72.0
2102, 71.0
2103, 73.0
2104, 73.0
2105, 73.0
2106, 70.0
2107, 70.0
2108, 67.0
2109, 69.0
2110, 72.0
2111, 72.0
2112, 70.0
2113, 72.0
2114, 73.0
2115, 74.0
2116, 74.0
2117, 72.0
2118, 74.0
2119, 71.0
2120, 69.0
2121, 69.0
2122, 74.0
2123, 74.0
2124, 71.0
2125, 74.0
2126, 72.0
2127, 71.0
2128, 70.0
2129, 74.0
2130, 76.0
2131, 76.0
2132, 75.0
2133, 76.0
2134, 71.0
2135, 72.0
2136, 71.0
2137, 72.0
2138, 72.0
2139, 71.0
2140, 78.0
2141, 74.0
2142, 70.0
2143, 68.0
2144, 69.0
2145, 75.0
2146, 66.0
2147, 70.0
2148, 74.0
2149, 70.0
2150, 70.0
2151, 75.0
2152, 73.0
2153, 67.0
2154, 70.0
2155, 74.0
2156, 71.0
2157, 73.0
2158, 74.0
2159, 68.0
2160, 70.0
2161, 73.0
2162, 71.0
2163, 73.0
2164, 76.0
2165, 71.0
2166, 72.0
2167, 72.0
2168, 75.0
2169, 72.0
2170, 73.0
2171, 71.0
2172, 73.0
2173, 73.0
2174, 71.0
2175, 74.0
2176, 76.0
2177, 69.0
2178, 73.0
2179, 73.0
2180, 71.0
2181, 77.0
2182, 72.0
2183, 71.0
2184, 72.0
2185, 71.0
2186, 77.0
2187, 70.0
2188, 76.0
2189, 72.0
2190, 75.0
2191, 75.0
2192, 72.0
2193, 76.0
2194, 74.0
2195, 72.0
2196, 69.0
2197, 69.0
2198, 72.0
2199, 74.0
2200, 70.0
2201, 73.0
2202, 72.0
2203, 69.0
2204, 72.0
2205, 73.0
2206, 75.0
2207, 73.0
2208, 71.0
2209, 74.0
2210, 67.0
2211, 75.0
2212, 71.0
2213, 70.0
2214, 72.0
2215, 67.0
2216, 70.0
2217, 76.0
2218, 75.0
2219, 69.0
2220, 74.0
2221, 71.0
2222, 70.0
2223, 71.0
2224, 75.0
2225, 77.0
2226, 70.0
2227, 73.0
2228, 72.0
2229, 72.0
2230, 70.0
2231, 69.0
2232, 70.0
2233, 73.0
2234, 73.0
2235, 74.0
2236, 72.0
2237, 76.0
2238, 69.0
2239, 69.0
2240, 73.0
2241, 72.0
2242, 70.0
2243, 73.0
2244, 72.0
2245, 69.0
2246, 71.0
2247, 76.0
2248, 71.0
2249, 73.0
2250, 68.0
2251, 74.0
2252, 74.0
2253, 72.0
2254, 75.0
2255, 73.0
2256, 69.0
2257, 73.0
2258, 72.0
2259, 78.0
2260, 73.0
2261, 66.0
2262, 70.0
2263, 70.0
2264, 69.0
2265, 78.0
2266, 70.0
2267, 68.0
2268, 72.0
2269, 72.0
2270, 74.0
2271, 74.0
2272, 74.0
2273, 72.0
2274, 71.0
2275, 73.0
2276, 80.0
2277, 73.0
2278, 72.0
2279, 69.0
2280, 75.0
2281, 74.0
2282, 77.0
2283, 75.0
2284, 73.0
2285, 65.0
2286, 75.0
2287, 71.0
2288, 74.0
2289, 72.0
2290, 74.0
2291, 72.0
2292, 71.0
2293, 73.0
2294, 74.0
2295, 68.0
2296, 72.0
2297, 72.0
2298, 70.0
2299, 70.0
2300, 68.0
2301, 76.0
2302, 70.0
2303, 72.0
2304, 70.0
2305, 72.0
2306, 73.0
2307, 72.0
2308, 76.0
2309, 75.0
2310, 75.0
2311, 76.0
2312, 71.0
2313, 74.0
2314, 72.0
2315, 71.0
2316, 76.0
2317, 71.0
2318, 67.0
2319, 73.0
2320, 76.0
2321, 68.0
2322, 71.0
2323, 77.0
2324, 73.0
2325, 69.0
2326, 73.0
2327, 73.0
2328, 74.0
2329, 71.0
2330, 70.0
2331, 73.0
2332, 78.0
2333, 72.0
2334, 74.0
2335, 73.0
2336, 73.0
2337, 70.0
2338, 71.0
2339, 70.0
2340, 67.0
2341, 71.0
2342, 68.0
2343, 73.0
2344, 67.0
2345, 73.0
2346, 75.0
2347, 74.0
2348, 72.0
2349, 74.0
2350, 72.0
2351, 70.0
2352, 66.0
2353, 71.0
2354, 72.0
2355, 70.0
2356, 73.0
2357, 70.0
2358, 73.0
2359, 70.0
2360, 77.0
2361, 75.0
2362, 70.0
2363, 75.0
2364, 76.0
2365, 70.0
2366, 73.0
2367, 70.0
2368, 69.0
2369, 75.0
2370, 70.0
2371, 73.0
2372, 73.0
2373, 72.0
2374, 71.0
2375, 73.0
2376, 73.0
2377, 73.0
2378, 73.0
2379, 70.0
2380, 72.0
2381, 70.0
2382, 73.0
2383, 70.0
2384, 71.0
2385, 70.0
2386, 71.0
2387, 77.0
2388, 73.0
2389, 72.0
2390, 75.0
2391, 75.0
2392, 73.0
2393, 72.0
2394, 75.0
2395, 68.0
2396, 73.0
2397, 72.0
2398, 76.0
2399, 72.0
2400, 72.0
2401, 76.0
2402, 68.0
2403, 71.0
2404, 73.0
2405, 73.0
2406, 74.0
2407, 70.0
2408, 75.0
2409, 68.0
2410, 74.0
2411, 72.0
2412, 74.0
2413, 73.0
2414, 72.0
2415, 70.0
2416, 73.0
2417, 72.0
2418, 75.0
2419, 72.0
2420, 72.0
2421, 71.0
2422, 73.0
2423, 72.0
2424, 72.0
2425, 76.0
2426, 72.0
2427, 72.0
2428, 77.0
2429, 74.0
2430, 69.0
2431, 69.0
2432, 73.0
2433, 74.0
2434, 71.0
2435, 72.0
2436, 75.0
2437, 73.0
2438, 73.0
2439, 69.0
2440, 75.0
2441, 79.0
2442, 70.0
2443, 74.0
2444, 69.0
2445, 68.0
2446, 72.0
2447, 72.0
2448, 72.0
2449, 74.0
2450, 76.0
2451, 76.0
2452, 73.0
2453, 76.0
2454, 70.0
2455, 74.0
2456, 72.0
2457, 76.0
2458, 75.0
2459, 70.0
2460, 72.0
2461, 72.0
2462, 73.0
2463, 80.0
2464, 71.0
2465, 72.0
2466, 75.0
2467, 67.0
2468, 77.0
2469, 72.0
2470, 70.0
2471, 74.0
2472, 77.0
2473, 74.0
2474, 74.0
2475, 73.0
2476, 74.0
2477, 66.0
2478, 72.0
2479, 71.0
2480, 77.0
2481, 72.0
2482, 72.0
2483, 74.0
2484, 72.0
2485, 74.0
2486, 74.0
2487, 73.0
2488, 74.0
2489, 70.0
2490, 70.0
2491, 71.0
2492, 74.0
2493, 70.0
2494, 72.0
2495, 69.0
2496, 70.0
2497, 74.0
2498, 72.0
2499, 62.0
2500, 73.0
2501, 76.0
2502, 72.0
2503, 70.0
2504, 69.0
2505, 68.0
2506, 75.0
2507, 72.0
2508, 77.0
2509, 73.0
2510, 75.0
2511, 75.0
2512, 73.0
2513, 67.0
2514, 69.0
2515, 75.0
2516, 76.0
2517, 76.0
2518, 68.0
2519, 72.0
2520, 72.0
2521, 74.0
2522, 71.0
2523, 70.0
2524, 68.0
2525, 71.0
2526, 76.0
2527, 73.0
2528, 72.0
2529, 72.0
2530, 72.0
2531, 75.0
2532, 71.0
2533, 75.0
2534, 73.0
2535, 70.0
2536, 74.0
2537, 73.0
2538, 71.0
2539, 77.0
2540, 75.0
2541, 73.0
2542, 71.0
2543, 71.0
2544, 75.0
2545, 71.0
2546, 73.0
2547, 74.0
2548, 76.0
2549, 71.0
2550, 76.0
2551, 70.0
2552, 75.0
2553, 70.0
2554, 77.0
2555, 74.0
2556, 67.0
2557, 76.0
2558, 74.0
2559, 75.0
2560, 73.0
2561, 72.0
2562, 68.0
2563, 75.0
2564, 75.0
2565, 70.0
2566, 71.0
2567, 74.0
2568, 71.0
2569, 73.0
2570, 75.0
2571, 69.0
2572, 73.0
2573, 74.0
2574, 73.0
2575, 74.0
2576, 67.0
2577, 80.0
2578, 73.0
2579, 72.0
2580, 71.0
2581, 75.0
2582, 71.0
2583, 75.0
2584, 72.0
2585, 72.0
2586, 72.0
2587, 70.0
2588, 69.0
2589, 74.0
2590, 73.0
2591, 69.0
2592, 77.0
2593, 76.0
2594, 73.0
2595, 71.0
2596, 73.0
2597, 70.0
2598, 72.0
2599, 68.0
2600, 71.0
2601, 73.0
2602, 72.0
2603, 76.0
2604, 68.0
2605, 72.0
2606, 77.0
2607, 69.0
2608, 78.0
2609, 75.0
2610, 68.0
2611, 68.0
2612, 73.0
2613, 65.0
2614, 74.0
2615, 73.0
2616, 75.0
2617, 67.0
2618, 73.0
2619, 76.0
2620, 70.0
2621, 70.0
2622, 76.0
2623, 73.0
2624, 72.0
2625, 70.0
2626, 78.0
2627, 70.0
2628, 69.0
2629, 71.0
2630, 75.0
2631, 70.0
2632, 72.0
2633, 74.0
2634, 67.0
2635, 69.0
2636, 76.0
2637, 72.0
2638, 75.0
2639, 72.0
2640, 70.0
2641, 74.0
2642, 74.0
2643, 74.0
2644, 78.0
2645, 75.0
2646, 74.0
2647, 75.0
2648, 76.0
2649, 74.0
2650, 76.0
2651, 73.0
2652, 72.0
2653, 75.0
2654, 69.0
2655, 71.0
2656, 73.0
2657, 71.0
2658, 73.0
2659, 73.0
2660, 71.0
2661, 71.0
2662, 72.0
2663, 76.0
2664, 77.0
2665, 72.0
2666, 75.0
2667, 68.0
2668, 71.0
2669, 76.0
2670, 79.0
2671, 74.0
2672, 74.0
2673, 75.0
2674, 73.0
2675, 76.0
2676, 71.0
2677, 76.0
2678, 68.0
2679, 73.0
2680, 70.0
2681, 72.0
2682, 70.0
2683, 73.0
2684, 72.0
2685, 71.0
2686, 70.0
2687, 68.0
2688, 67.0
2689, 72.0
2690, 73.0
2691, 71.0
2692, 72.0
2693, 75.0
2694, 74.0
2695, 74.0
2696, 70.0
2697, 71.0
2698, 74.0
2699, 74.0
2700, 69.0
2701, 69.0
2702, 75.0
2703, 72.0
2704, 70.0
2705, 70.0
2706, 75.0
2707, 72.0
2708, 71.0
2709, 74.0
2710, 72.0
2711, 75.0
2712, 68.0
2713, 70.0
2714, 71.0
2715, 75.0
2716, 73.0
2717, 71.0
2718, 74.0
2719, 77.0
2720, 73.0
2721, 76.0
2722, 72.0
2723, 74.0
2724, 76.0
2725, 72.0
2726, 68.0
2727, 74.0
2728, 75.0
2729, 71.0
2730, 69.0
2731, 74.0
2732, 72.0
2733, 73.0
2734, 74.0
2735, 70.0
2736, 75.0
2737, 71.0
2738, 74.0
2739, 76.0
2740, 73.0
2741, 70.0
2742, 72.0
2743, 71.0
2744, 72.0
2745, 72.0
2746, 75.0
2747, 77.0
2748, 72.0
2749, 71.0
2750, 72.0
2751, 72.0
2752, 66.0
2753, 76.0
2754, 70.0
2755, 72.0
2756, 73.0
2757, 72.0
2758, 69.0
2759, 73.0
2760, 73.0
2761, 70.0
2762, 69.0
2763, 72.0
2764, 69.0
2765, 78.0
2766, 71.0
2767, 73.0
2768, 77.0
2769, 72.0
2770, 77.0
2771, 73.0
2772, 72.0
2773, 71.0
2774, 76.0
2775, 77.0
2776, 74.0
2777, 69.0
2778, 74.0
2779, 74.0
2780, 74.0
2781, 72.0
2782, 71.0
2783, 70.0
2784, 70.0
2785, 75.0
2786, 79.0
2787, 75.0
2788, 72.0
2789, 75.0
2790, 75.0
2791, 73.0
2792, 70.0
2793, 71.0
2794, 70.0
2795, 73.0
2796, 75.0
2797, 71.0
2798, 73.0
2799, 71.0
2800, 76.0
2801, 74.0
2802, 72.0
2803, 71.0
2804, 76.0
2805, 75.0
2806, 77.0
2807, 76.0
2808, 75.0
2809, 72.0
2810, 75.0
2811, 76.0
2812, 74.0
2813, 73.0
2814, 71.0
2815, 68.0
2816, 81.0
2817, 68.0
2818, 75.0
2819, 74.0
2820, 75.0
2821, 74.0
2822, 78.0
2823, 71.0
2824, 71.0
2825, 74.0
2826, 71.0
2827, 68.0
2828, 74.0
2829, 71.0
2830, 71.0
2831, 73.0
2832, 72.0
2833, 77.0
2834, 70.0
2835, 74.0
2836, 73.0
2837, 74.0
2838, 74.0
2839, 72.0
2840, 70.0
2841, 72.0
2842, 72.0
2843, 73.0
2844, 76.0
2845, 69.0
2846, 71.0
2847, 74.0
2848, 77.0
2849, 74.0
2850, 75.0
2851, 78.0
2852, 75.0
2853, 72.0
2854, 70.0
2855, 67.0
2856, 77.0
2857, 71.0
2858, 68.0
2859, 71.0
2860, 76.0
2861, 76.0
2862, 70.0
2863, 74.0
2864, 71.0
2865, 79.0
2866, 72.0
2867, 71.0
2868, 75.0
2869, 70.0
2870, 71.0
2871, 72.0
2872, 72.0
2873, 72.0
2874, 72.0
2875, 71.0
2876, 75.0
2877, 71.0
2878, 73.0
2879, 75.0
2880, 74.0
2881, 77.0
2882, 73.0
2883, 71.0
2884, 73.0
2885, 78.0
2886, 75.0
2887, 74.0
2888, 71.0
2889, 68.0
2890, 73.0
2891, 73.0
2892, 72.0
2893, 74.0
2894, 69.0
2895, 70.0
2896, 75.0
2897, 71.0
2898, 69.0
2899, 74.0
2900, 71.0
2901, 75.0
2902, 74.0
2903, 70.0
2904, 71.0
2905, 73.0
2906, 74.0
2907, 74.0
2908, 72.0
2909, 72.0
2910, 77.0
2911, 67.0
2912, 74.0
2913, 70.0
2914, 79.0
2915, 74.0
2916, 71.0
2917, 67.0
2918, 70.0
2919, 72.0
2920, 70.0
2921, 72.0
2922, 75.0
2923, 71.0
2924, 76.0
2925, 71.0
2926, 70.0
2927, 75.0
2928, 74.0
2929, 77.0
2930, 73.0
2931, 71.0
2932, 71.0
2933, 73.0
2934, 72.0
2935, 73.0
2936, 75.0
2937, 72.0
2938, 80.0
2939, 70.0
2940, 75.0
2941, 75.0
2942, 71.0
2943, 75.0
2944, 78.0
2945, 74.0
2946, 74.0
2947, 72.0
2948, 70.0
2949, 74.0
2950, 74.0
2951, 73.0
2952, 75.0
2953, 69.0
2954, 74.0
2955, 73.0
2956, 73.0
2957, 72.0
2958, 70.0
2959, 75.0
2960, 69.0
2961, 76.0
2962, 74.0
2963, 75.0
2964, 72.0
2965, 74.0
2966, 73.0
2967, 69.0
2968, 72.0
2969, 70.0
2970, 72.0
2971, 71.0
2972, 75.0
2973, 72.0
2974, 74.0
2975, 75.0
2976, 76.0
2977, 74.0
2978, 71.0
2979, 73.0
2980, 77.0
2981, 74.0
2982, 75.0
2983, 78.0
2984, 72.0
2985, 72.0
2986, 69.0
2987, 73.0
2988, 76.0
2989, 75.0
2990, 74.0
2991, 72.0
2992, 71.0
2993, 76.0
2994, 72.0
2995, 73.0
2996, 70.0
2997, 71.0
2998, 71.0
2999, 71.0
3000, 66.0
3001, 73.0
3002, 72.0
3003, 71.0
3004, 75.0
3005, 72.0
3006, 70.0
3007, 75.0
3008, 72.0
3009, 76.0
3010, 72.0
3011, 69.0
3012, 74.0
3013, 68.0
3014, 71.0
3015, 73.0
3016, 73.0
3017, 70.0
3018, 77.0
3019, 73.0
3020, 72.0
3021, 73.0
3022, 72.0
3023, 76.0
3024, 69.0
3025, 77.0
3026, 72.0
3027, 75.0
3028, 73.0
3029, 75.0
3030, 76.0
3031, 72.0
3032, 74.0
3033, 72.0
3034, 72.0
3035, 74.0
3036, 72.0
3037, 77.0
3038, 76.0
3039, 75.0
3040, 74.0
3041, 71.0
3042, 68.0
3043, 72.0
3044, 74.0
3045, 73.0
3046, 74.0
3047, 76.0
3048, 76.0
3049, 73.0
3050, 74.0
3051, 75.0
3052, 70.0
3053, 71.0
3054, 72.0
3055, 70.0
3056, 78.0
3057, 66.0
3058, 73.0
3059, 76.0
3060, 71.0
3061, 71.0
3062, 72.0
3063, 70.0
3064, 75.0
3065, 72.0
3066, 73.0
3067, 75.0
3068, 73.0
3069, 73.0
3070, 73.0
3071, 74.0
3072, 72.0
3073, 73.0
3074, 71.0
3075, 73.0
3076, 74.0
3077, 75.0
3078, 78.0
3079, 73.0
3080, 71.0
3081, 77.0
3082, 69.0
3083, 74.0
3084, 69.0
3085, 71.0
3086, 75.0
3087, 73.0
3088, 74.0
3089, 73.0
3090, 75.0
3091, 74.0
3092, 72.0
3093, 72.0
3094, 71.0
3095, 73.0
3096, 71.0
3097, 74.0
3098, 75.0
3099, 74.0
3100, 74.0
3101, 72.0
3102, 76.0
3103, 70.0
3104, 70.0
3105, 73.0
3106, 69.0
3107, 76.0
3108, 74.0
3109, 77.0
3110, 69.0
3111, 75.0
3112, 68.0
3113, 77.0
3114, 72.0
3115, 75.0
3116, 72.0
3117, 74.0
3118, 75.0
3119, 73.0
3120, 73.0
3121, 75.0
3122, 72.0
3123, 68.0
3124, 74.0
3125, 69.0
3126, 72.0
3127, 74.0
3128, 73.0
3129, 68.0
3130, 78.0
3131, 70.0
3132, 76.0
3133, 70.0
3134, 76.0
3135, 73.0
3136, 72.0
3137, 70.0
3138, 75.0
3139, 76.0
3140, 73.0
3141, 75.0
3142, 77.0
3143, 74.0
3144, 72.0
3145, 69.0
3146, 74.0
3147, 72.0
3148, 71.0
3149, 74.0
3150, 72.0
3151, 71.0
3152, 67.0
3153, 72.0
3154, 76.0
3155, 73.0
3156, 72.0
3157, 73.0
3158, 70.0
3159, 73.0
3160, 73.0
3161, 70.0
3162, 70.0
3163, 73.0
3164, 72.0
3165, 70.0
3166, 71.0
3167, 69.0
3168, 72.0
3169, 70.0
3170, 73.0
3171, 73.0
3172, 73.0
3173, 76.0
3174, 71.0
3175, 71.0
3176, 72.0
3177, 70.0
3178, 75.0
3179, 74.0
3180, 75.0
3181, 76.0
3182, 74.0
3183, 74.0
3184, 76.0
3185, 72.0
3186, 69.0
3187, 72.0
3188, 74.0
3189, 72.0
3190, 70.0
3191, 73.0
3192, 74.0
3193, 71.0
3194, 77.0
3195, 72.0
3196, 71.0
3197, 71.0
3198, 74.0
3199, 71.0
3200, 67.0
3201, 78.0
3202, 70.0
3203, 71.0
3204, 74.0
3205, 70.0
3206, 70.0
3207, 74.0
3208, 74.0
3209, 71.0
3210, 77.0
3211, 72.0
3212, 75.0
3213, 75.0
3214, 77.0
3215, 70.0
3216, 81.0
3217, 69.0
3218, 73.0
3219, 76.0
3220, 71.0
3221, 75.0
3222, 76.0
3223, 73.0
3224, 75.0
3225, 69.0
3226, 72.0
3227, 78.0
3228, 76.0
3229, 76.0
3230, 70.0
3231, 71.0
3232, 68.0
3233, 72.0
3234, 74.0
3235, 74.0
3236, 70.0
3237, 75.0
3238, 74.0
3239, 71.0
3240, 72.0
3241, 71.0
3242, 74.0
3243, 80.0
3244, 73.0
3245, 71.0
3246, 79.0
3247, 73.0
3248, 75.0
3249, 72.0
3250, 76.0
3251, 75.0
3252, 75.0
3253, 68.0
3254, 79.0
3255, 80.0
3256, 70.0
3257, 75.0
3258, 72.0
3259, 71.0
3260, 69.0
3261, 77.0
3262, 75.0
3263, 70.0
3264, 73.0
3265, 73.0
3266, 73.0
3267, 73.0
3268, 72.0
3269, 74.0
3270, 73.0
3271, 75.0
3272, 76.0
3273, 70.0
3274, 75.0
3275, 78.0
3276, 71.0
3277, 74.0
3278, 73.0
3279, 70.0
3280, 73.0
3281, 71.0
3282, 77.0
3283, 75.0
3284, 75.0
3285, 71.0
3286, 74.0
3287, 71.0
3288, 78.0
3289, 70.0
3290, 74.0
3291, 72.0
3292, 71.0
3293, 74.0
3294, 75.0
3295, 73.0
3296, 71.0
3297, 73.0
3298, 70.0
3299, 68.0
3300, 76.0
3301, 71.0
3302, 73.0
3303, 73.0
3304, 74.0
3305, 72.0
3306, 77.0
3307, 71.0
3308, 79.0
3309, 76.0
3310, 78.0
3311, 71.0
3312, 72.0
3313, 76.0
3314, 71.0
3315, 75.0
3316, 72.0
3317, 77.0
3318, 74.0
3319, 77.0
3320, 71.0
3321, 75.0
3322, 72.0
3323, 71.0
3324, 70.0
3325, 76.0
3326, 75.0
3327, 76.0
3328, 73.0
3329, 73.0
3330, 72.0
3331, 71.0
3332, 75.0
3333, 75.0
3334, 71.0
3335, 75.0
3336, 72.0
3337, 68.0
3338, 72.0
3339, 72.0
3340, 71.0
3341, 69.0
3342, 76.0
3343, 73.0
3344, 72.0
3345, 78.0
3346, 73.0
3347, 69.0
3348, 70.0
3349, 74.0
3350, 70.0
3351, 75.0
3352, 71.0
3353, 75.0
3354, 77.0
3355, 72.0
3356, 72.0
3357, 75.0
3358, 70.0
3359, 74.0
3360, 68.0
3361, 75.0
3362, 75.0
3363, 74.0
3364, 71.0
3365, 69.0
3366, 75.0
3367, 75.0
3368, 74.0
3369, 74.0
3370, 71.0
3371, 77.0
3372, 78.0
3373, 73.0
3374, 69.0
3375, 75.0
3376, 74.0
3377, 71.0
3378, 80.0
3379, 74.0
3380, 77.0
3381, 72.0
3382, 72.0
3383, 75.0
3384, 70.0
3385, 72.0
3386, 74.0
3387, 71.0
3388, 75.0
3389, 77.0
3390, 70.0
3391, 72.0
3392, 70.0
3393, 74.0
3394, 72.0
3395, 74.0
3396, 74.0
3397, 72.0
3398, 74.0
3399, 68.0
3400, 72.0
3401, 76.0
3402, 73.0
3403, 73.0
3404, 77.0
3405, 75.0
3406, 79.0
3407, 69.0
3408, 75.0
3409, 75.0
3410, 73.0
3411, 77.0
3412, 76.0
3413, 72.0
3414, 67.0
3415, 71.0
3416, 70.0
3417, 73.0
3418, 69.0
3419, 76.0
3420, 76.0
3421, 70.0
3422, 70.0
3423, 71.0
3424, 68.0
3425, 70.0
3426, 76.0
3427, 76.0
3428, 73.0
3429, 71.0
3430, 76.0
3431, 72.0
3432, 78.0
3433, 72.0
3434, 74.0
3435, 75.0
3436, 75.0
3437, 69.0
3438, 74.0
3439, 77.0
3440, 75.0
3441, 70.0
3442, 77.0
3443, 72.0
3444, 70.0
3445, 77.0
3446, 73.0
3447, 71.0
3448, 72.0
3449, 72.0
3450, 78.0
3451, 72.0
3452, 76.0
3453, 75.0
3454, 78.0
3455, 72.0
3456, 74.0
3457, 73.0
3458, 76.0
3459, 72.0
3460, 70.0
3461, 76.0
3462, 72.0
3463, 77.0
3464, 81.0
3465, 66.0
3466, 75.0
3467, 72.0
3468, 73.0
3469, 73.0
3470, 71.0
3471, 75.0
3472, 72.0
3473, 73.0
3474, 69.0
3475, 71.0
3476, 73.0
3477, 73.0
3478, 75.0
3479, 69.0
3480, 73.0
3481, 75.0
3482, 77.0
3483, 74.0
3484, 70.0
3485, 74.0
3486, 74.0
3487, 77.0
3488, 73.0
3489, 74.0
3490, 72.0
3491, 71.0
3492, 71.0
3493, 72.0
3494, 70.0
3495, 70.0
3496, 76.0
3497, 69.0
3498, 70.0
3499, 76.0
3500, 76.0
3501, 74.0
3502, 75.0
3503, 77.0
3504, 76.0
3505, 76.0
3506, 70.0
3507, 74.0
3508, 70.0
3509, 74.0
3510, 71.0
3511, 73.0
3512, 70.0
3513, 74.0
3514, 74.0
3515, 75.0
3516, 75.0
3517, 77.0
3518, 73.0
3519, 77.0
3520, 72.0
3521, 72.0
3522, 70.0
3523, 72.0
3524, 78.0
3525, 70.0
3526, 72.0
3527, 73.0
3528, 72.0
3529, 75.0
3530, 71.0
3531, 72.0
3532, 74.0
3533, 76.0
3534, 76.0
3535, 76.0
3536, 72.0
3537, 76.0
3538, 71.0
3539, 78.0
3540, 74.0
3541, 77.0
3542, 71.0
3543, 73.0
3544, 67.0
3545, 73.0
3546, 74.0
3547, 72.0
3548, 71.0
3549, 76.0
3550, 76.0
3551, 73.0
3552, 71.0
3553, 73.0
3554, 75.0
3555, 76.0
3556, 74.0
3557, 69.0
3558, 74.0
3559, 74.0
3560, 70.0
3561, 71.0
3562, 73.0
3563, 74.0
3564, 72.0
3565, 73.0
3566, 72.0
3567, 75.0
3568, 73.0
3569, 72.0
3570, 69.0
3571, 77.0
3572, 71.0
3573, 72.0
3574, 75.0
3575, 73.0
3576, 72.0
3577, 74.0
3578, 71.0
3579, 74.0
3580, 74.0
3581, 76.0
3582, 71.0
3583, 72.0
3584, 78.0
3585, 73.0
3586, 71.0
3587, 77.0
3588, 73.0
3589, 72.0
3590, 70.0
3591, 71.0
3592, 74.0
3593, 77.0
3594, 72.0
3595, 75.0
3596, 72.0
3597, 71.0
3598, 73.0
3599, 74.0
3600, 76.0
3601, 74.0
3602, 76.0
3603, 72.0
3604, 72.0
3605, 72.0
3606, 73.0
3607, 75.0
3608, 72.0
3609, 72.0
3610, 75.0
3611, 69.0
3612, 74.0
3613, 76.0
3614, 69.0
3615, 72.0
3616, 74.0
3617, 74.0
3618, 70.0
3619, 70.0
3620, 75.0
3621, 72.0
3622, 72.0
3623, 74.0
3624, 74.0
3625, 70.0
3626, 70.0
3627, 71.0
3628, 77.0
3629, 74.0
3630, 74.0
3631, 75.0
3632, 74.0
3633, 76.0
3634, 72.0
3635, 70.0
3636, 74.0
3637, 74.0
3638, 77.0
3639, 72.0
3640, 72.0
3641, 72.0
3642, 71.0
3643, 70.0
3644, 77.0
3645, 74.0
3646, 76.0
3647,  1.0

