Single
3648
Scan 0,   
0, 65.0
1, 61.0
2, 59.0
3, 64.0
4, 65.0
5, 63.0
6, 62.0
7, 63.0
8, 62.0
9, 62.0
10, 59.0
11, 64.0
12, 64.0
13, 64.0
14, 62.0
15, 62.0
16, 66.0
17, 60.0
18, 59.0
19, 65.0
20, 60.0
21, 66.0
22, 63.0
23, 62.0
24, 63.0
25, 62.0
26, 63.0
27, 60.0
28, 61.0
29, 62.0
30, 62.0
31, 61.0
32, 62.0
33, 67.0
34, 66.0
35, 63.0
36, 64.0
37, 61.0
38, 63.0
39, 59.0
40, 66.0
41, 61.0
42, 65.0
43, 60.0
44, 63.0
45, 64.0
46, 65.0
47, 65.0
48, 65.0
49, 63.0
50, 61.0
51, 61.0
52, 63.0
53, 62.0
54, 61.0
55, 58.0
56, 61.0
57, 57.0
58, 64.0
59, 63.0
60, 62.0
61, 64.0
62, 63.0
63, 57.0
64, 63.0
65, 62.0
66, 62.0
67, 66.0
68, 58.0
69, 63.0
70, 65.0
71, 60.0
72, 61.0
73, 61.0
74, 69.0
75, 62.0
76, 59.0
77, 57.0
78, 64.0
79, 58.0
80, 65.0
81, 62.0
82, 64.0
83, 60.0
84, 63.0
85, 67.0
86, 62.0
87, 65.0
88, 62.0
89, 59.0
90, 62.0
91, 63.0
92, 62.0
93, 65.0
94, 63.0
95, 64.0
96, 67.0
97, 58.0
98, 64.0
99, 62.0
100, 65.0
101, 62.0
102, 61.0
103, 61.0
104, 63.0
105, 63.0
106, 66.0
107, 62.0
108, 61.0
109, 62.0
110, 58.0
111, 62.0
112, 64.0
113, 60.0
114, 62.0
115, 66.0
116, 63.0
117, 54.0
118, 63.0
119, 61.0
120, 65.0
121, 59.0
122, 59.0
123, 57.0
124, 63.0
125, 67.0
126, 63.0
127, 67.0
128, 62.0
129, 66.0
130, 64.0
131, 60.0
132, 63.0
133, 65.0
134, 62.0
135, 59.0
136, 65.0
137, 66.0
138, 64.0
139, 63.0
140, 62.0
141, 61.0
142, 62.0
143, 65.0
144, 66.0
145, 61.0
146, 69.0
147, 60.0
148, 62.0
149, 61.0
150, 66.0
151, 63.0
152, 61.0
153, 61.0
154, 60.0
155, 59.0
156, 61.0
157, 61.0
158, 59.0
159, 60.0
160, 68.0
161, 64.0
162, 66.0
163, 65.0
164, 64.0
165, 63.0
166, 63.0
167, 62.0
168, 64.0
169, 62.0
170, 58.0
171, 60.0
172, 63.0
173, 61.0
174, 63.0
175, 65.0
176, 61.0
177, 59.0
178, 64.0
179, 65.0
180, 60.0
181, 59.0
182, 63.0
183, 67.0
184, 65.0
185, 60.0
186, 64.0
187, 63.0
188, 61.0
189, 60.0
190, 64.0
191, 61.0
192, 63.0
193, 64.0
194, 67.0
195, 66.0
196, 61.0
197, 65.0
198, 64.0
199, 63.0
200, 60.0
201, 61.0
202, 61.0
203, 64.0
204, 66.0
205, 63.0
206, 64.0
207, 65.0
208, 62.0
209, 63.0
210, 63.0
211, 61.0
212, 64.0
213, 63.0
214, 59.0
215, 65.0
216, 60.0
217, 63.0
218, 64.0
219, 62.0
220, 66.0
221, 63.0
222, 63.0
223, 63.0
224, 64.0
225, 61.0
226, 61.0
227, 63.0
228, 63.0
229, 64.0
230, 65.0
231, 64.0
232, 65.0
233, 66.0
234, 62.0
235, 59.0
236, 63.0
237, 65.0
238, 63.0
239, 63.0
240, 63.0
241, 65.0
242, 68.0
243, 64.0
244, 63.0
245, 61.0
246, 62.0
247, 66.0
248, 64.0
249, 62.0
250, 61.0
251, 65.0
252, 64.0
253, 60.0
254, 63.0
255, 62.0
256, 65.0
257, 66.0
258, 65.0
259, 62.0
260, 65.0
261, 63.0
262, 63.0
263, 68.0
264, 61.0
265, 63.0
266, 58.0
267, 63.0
268, 65.0
269, 63.0
270, 62.0
271, 61.0
272, 65.0
273, 61.0
274, 63.0
275, 61.0
276, 62.0
277, 62.0
278, 64.0
279, 61.0
280, 61.0
281, 61.0
282, 63.0
283, 63.0
284, 64.0
285, 61.0
286, 64.0
287, 64.0
288, 63.0
289, 66.0
290, 66.0
291, 61.0
292, 63.0
293, 64.0
294, 59.0
295, 64.0
296, 62.0
297, 63.0
298, 62.0
299, 58.0
300, 61.0
301, 63.0
302, 62.0
303, 63.0
304, 65.0
305, 58.0
306, 63.0
307, 64.0
308, 63.0
309, 59.0
310, 65.0
311, 65.0
312, 61.0
313, 61.0
314, 64.0
315, 61.0
316, 64.0
317, 63.0
318, 64.0
319, 61.0
320, 64.0
321, 68.0
322, 65.0
323, 62.0
324, 62.0
325, 65.0
326, 59.0
327, 64.0
328, 60.0
329, 59.0
330, 66.0
331, 65.0
332, 62.0
333, 68.0
334, 63.0
335, 66.0
336, 60.0
337, 63.0
338, 63.0
339, 63.0
340, 64.0
341, 63.0
342, 61.0
343, 65.0
344, 62.0
345, 65.0
346, 62.0
347, 63.0
348, 63.0
349, 61.0
350, 62.0
351, 62.0
352, 63.0
353, 64.0
354, 68.0
355, 63.0
356, 60.0
357, 64.0
358, 63.0
359, 65.0
360, 60.0
361, 61.0
362, 58.0
363, 61.0
364, 60.0
365, 61.0
366, 63.0
367, 61.0
368, 67.0
369, 64.0
370, 63.0
371, 64.0
372, 59.0
373, 62.0
374, 65.0
375, 61.0
376, 59.0
377, 65.0
378, 62.0
379, 57.0
380, 63.0
381, 64.0
382, 59.0
383, 61.0
384, 62.0
385, 60.0
386, 62.0
387, 64.0
388, 59.0
389, 62.0
390, 61.0
391, 61.0
392, 61.0
393, 61.0
394, 64.0
395, 62.0
396, 65.0
397, 61.0
398, 61.0
399, 58.0
400, 60.0
401, 61.0
402, 62.0
403, 63.0
404, 61.0
405, 65.0
406, 64.0
407, 57.0
408, 64.0
409, 65.0
410, 63.0
411, 62.0
412, 64.0
413, 59.0
414, 64.0
415, 67.0
416, 63.0
417, 63.0
418, 62.0
419, 66.0
420, 63.0
421, 66.0
422, 61.0
423, 65.0
424, 66.0
425, 64.0
426, 68.0
427, 62.0
428, 65.0
429, 63.0
430, 65.0
431, 63.0
432, 66.0
433, 61.0
434, 57.0
435, 64.0
436, 62.0
437, 64.0
438, 61.0
439, 64.0
440, 63.0
441, 65.0
442, 64.0
443, 62.0
444, 63.0
445, 58.0
446, 60.0
447, 64.0
448, 62.0
449, 60.0
450, 62.0
451, 63.0
452, 59.0
453, 61.0
454, 62.0
455, 62.0
456, 61.0
457, 66.0
458, 64.0
459, 56.0
460, 63.0
461, 60.0
462, 60.0
463, 67.0
464, 63.0
465, 61.0
466, 62.0
467, 59.0
468, 69.0
469, 63.0
470, 63.0
471, 65.0
472, 63.0
473, 63.0
474, 63.0
475, 61.0
476, 67.0
477, 66.0
478, 62.0
479, 61.0
480, 65.0
481, 65.0
482, 62.0
483, 65.0
484, 65.0
485, 62.0
486, 60.0
487, 61.0
488, 59.0
489, 60.0
490, 61.0
491, 59.0
492, 65.0
493, 67.0
494, 62.0
495, 61.0
496, 63.0
497, 60.0
498, 65.0
499, 60.0
500, 62.0
501, 64.0
502, 61.0
503, 60.0
504, 61.0
505, 60.0
506, 63.0
507, 60.0
508, 63.0
509, 63.0
510, 63.0
511, 62.0
512, 59.0
513, 65.0
514, 67.0
515, 67.0
516, 62.0
517, 63.0
518, 63.0
519, 59.0
520, 61.0
521, 63.0
522, 60.0
523, 59.0
524, 64.0
525, 59.0
526, 61.0
527, 64.0
528, 61.0
529, 61.0
530, 63.0
531, 65.0
532, 66.0
533, 65.0
534, 68.0
535, 63.0
536, 60.0
537, 60.0
538, 61.0
539, 64.0
540, 63.0
541, 57.0
542, 65.0
543, 62.0
544, 65.0
545, 65.0
546, 63.0
547, 61.0
548, 62.0
549, 62.0
550, 65.0
551, 56.0
552, 60.0
553, 59.0
554, 66.0
555, 64.0
556, 60.0
557, 60.0
558, 61.0
559, 58.0
560, 66.0
561, 63.0
562, 64.0
563, 65.0
564, 62.0
565, 62.0
566, 58.0
567, 61.0
568, 58.0
569, 63.0
570, 63.0
571, 62.0
572, 63.0
573, 68.0
574, 69.0
575, 60.0
576, 62.0
577, 65.0
578, 63.0
579, 62.0
580, 64.0
581, 62.0
582, 58.0
583, 62.0
584, 65.0
585, 59.0
586, 60.0
587, 65.0
588, 61.0
589, 61.0
590, 63.0
591, 63.0
592, 62.0
593, 61.0
594, 64.0
595, 66.0
596, 62.0
597, 62.0
598, 59.0
599, 67.0
600, 62.0
601, 61.0
602, 61.0
603, 63.0
604, 64.0
605, 62.0
606, 63.0
607, 60.0
608, 60.0
609, 67.0
610, 60.0
611, 66.0
612, 63.0
613, 62.0
614, 61.0
615, 63.0
616, 65.0
617, 63.0
618, 61.0
619, 65.0
620, 64.0
621, 64.0
622, 61.0
623, 64.0
624, 64.0
625, 63.0
626, 62.0
627, 67.0
628, 63.0
629, 63.0
630, 62.0
631, 60.0
632, 69.0
633, 59.0
634, 63.0
635, 60.0
636, 58.0
637, 60.0
638, 63.0
639, 61.0
640, 61.0
641, 63.0
642, 63.0
643, 60.0
644, 63.0
645, 64.0
646, 65.0
647, 64.0
648, 64.0
649, 64.0
650, 62.0
651, 64.0
652, 63.0
653, 65.0
654, 62.0
655, 64.0
656, 59.0
657, 65.0
658, 63.0
659, 62.0
660, 64.0
661, 63.0
662, 60.0
663, 61.0
664, 66.0
665, 61.0
666, 63.0
667, 65.0
668, 63.0
669, 62.0
670, 66.0
671, 67.0
672, 66.0
673, 60.0
674, 62.0
675, 64.0
676, 61.0
677, 59.0
678, 62.0
679, 61.0
680, 61.0
681, 63.0
682, 64.0
683, 65.0
684, 60.0
685, 62.0
686, 61.0
687, 65.0
688, 65.0
689, 64.0
690, 62.0
691, 66.0
692, 61.0
693, 61.0
694, 63.0
695, 63.0
696, 61.0
697, 65.0
698, 62.0
699, 59.0
700, 62.0
701, 66.0
702, 65.0
703, 61.0
704, 63.0
705, 62.0
706, 64.0
707, 65.0
708, 60.0
709, 64.0
710, 58.0
711, 65.0
712, 63.0
713, 63.0
714, 61.0
715, 65.0
716, 62.0
717, 61.0
718, 63.0
719, 63.0
720, 63.0
721, 65.0
722, 63.0
723, 63.0
724, 66.0
725, 64.0
726, 58.0
727, 62.0
728, 59.0
729, 60.0
730, 66.0
731, 63.0
732, 62.0
733, 64.0
734, 63.0
735, 64.0
736, 63.0
737, 62.0
738, 59.0
739, 64.0
740, 67.0
741, 59.0
742, 62.0
743, 66.0
744, 65.0
745, 62.0
746, 61.0
747, 63.0
748, 64.0
749, 60.0
750, 62.0
751, 58.0
752, 63.0
753, 61.0
754, 60.0
755, 56.0
756, 63.0
757, 63.0
758, 58.0
759, 62.0
760, 64.0
761, 63.0
762, 63.0
763, 65.0
764, 63.0
765, 62.0
766, 60.0
767, 64.0
768, 63.0
769, 62.0
770, 63.0
771, 64.0
772, 64.0
773, 60.0
774, 63.0
775, 59.0
776, 61.0
777, 63.0
778, 63.0
779, 64.0
780, 62.0
781, 61.0
782, 62.0
783, 60.0
784, 61.0
785, 63.0
786, 63.0
787, 62.0
788, 64.0
789, 63.0
790, 64.0
791, 63.0
792, 63.0
793, 63.0
794, 61.0
795, 65.0
796, 66.0
797, 62.0
798, 62.0
799, 65.0
800, 65.0
801, 64.0
802, 67.0
803, 61.0
804, 65.0
805, 66.0
806, 61.0
807, 64.0
808, 67.0
809, 63.0
810, 60.0
811, 60.0
812, 64.0
813, 62.0
814, 69.0
815, 62.0
816, 65.0
817, 65.0
818, 63.0
819, 62.0
820, 63.0
821, 60.0
822, 65.0
823, 60.0
824, 68.0
825, 59.0
826, 58.0
827, 64.0
828, 62.0
829, 58.0
830, 63.0
831, 62.0
832, 64.0
833, 59.0
834, 63.0
835, 62.0
836, 61.0
837, 62.0
838, 62.0
839, 61.0
840, 63.0
841, 63.0
842, 65.0
843, 69.0
844, 64.0
845, 64.0
846, 60.0
847, 62.0
848, 66.0
849, 62.0
850, 64.0
851, 61.0
852, 63.0
853, 65.0
854, 62.0
855, 60.0
856, 65.0
857, 60.0
858, 63.0
859, 61.0
860, 67.0
861, 62.0
862, 65.0
863, 63.0
864, 61.0
865, 66.0
866, 59.0
867, 60.0
868, 61.0
869, 67.0
870, 66.0
871, 64.0
872, 65.0
873, 60.0
874, 61.0
875, 62.0
876, 63.0
877, 64.0
878, 59.0
879, 61.0
880, 60.0
881, 65.0
882, 61.0
883, 63.0
884, 64.0
885, 63.0
886, 62.0
887, 65.0
888, 60.0
889, 63.0
890, 58.0
891, 64.0
892, 61.0
893, 63.0
894, 60.0
895, 59.0
896, 62.0
897, 62.0
898, 63.0
899, 64.0
900, 65.0
901, 60.0
902, 64.0
903, 60.0
904, 65.0
905, 62.0
906, 63.0
907, 64.0
908, 63.0
909, 64.0
910, 60.0
911, 58.0
912, 68.0
913, 58.0
914, 62.0
915, 61.0
916, 64.0
917, 65.0
918, 65.0
919, 63.0
920, 67.0
921, 63.0
922, 67.0
923, 61.0
924, 61.0
925, 65.0
926, 61.0
927, 62.0
928, 62.0
929, 59.0
930, 63.0
931, 63.0
932, 63.0
933, 58.0
934, 68.0
935, 61.0
936, 63.0
937, 64.0
938, 61.0
939, 65.0
940, 62.0
941, 64.0
942, 63.0
943, 67.0
944, 65.0
945, 63.0
946, 60.0
947, 61.0
948, 63.0
949, 60.0
950, 67.0
951, 66.0
952, 63.0
953, 62.0
954, 60.0
955, 62.0
956, 63.0
957, 64.0
958, 60.0
959, 64.0
960, 60.0
961, 65.0
962, 64.0
963, 58.0
964, 63.0
965, 59.0
966, 63.0
967, 58.0
968, 63.0
969, 59.0
970, 65.0
971, 64.0
972, 64.0
973, 61.0
974, 63.0
975, 61.0
976, 62.0
977, 63.0
978, 62.0
979, 60.0
980, 64.0
981, 66.0
982, 61.0
983, 59.0
984, 67.0
985, 61.0
986, 62.0
987, 65.0
988, 66.0
989, 63.0
990, 64.0
991, 63.0
992, 61.0
993, 62.0
994, 66.0
995, 64.0
996, 64.0
997, 62.0
998, 62.0
999, 63.0
1000, 66.0
1001, 61.0
1002, 66.0
1003, 62.0
1004, 64.0
1005, 63.0
1006, 63.0
1007, 63.0
1008, 60.0
1009, 62.0
1010, 66.0
1011, 60.0
1012, 63.0
1013, 63.0
1014, 65.0
1015, 59.0
1016, 62.0
1017, 59.0
1018, 61.0
1019, 64.0
1020, 60.0
1021, 63.0
1022, 60.0
1023, 60.0
1024, 61.0
1025, 63.0
1026, 65.0
1027, 61.0
1028, 64.0
1029, 63.0
1030, 61.0
1031, 60.0
1032, 66.0
1033, 61.0
1034, 61.0
1035, 59.0
1036, 60.0
1037, 62.0
1038, 62.0
1039, 63.0
1040, 67.0
1041, 61.0
1042, 63.0
1043, 57.0
1044, 63.0
1045, 60.0
1046, 62.0
1047, 64.0
1048, 65.0
1049, 60.0
1050, 67.0
1051, 61.0
1052, 62.0
1053, 68.0
1054, 64.0
1055, 63.0
1056, 63.0
1057, 66.0
1058, 62.0
1059, 65.0
1060, 65.0
1061, 63.0
1062, 66.0
1063, 63.0
1064, 65.0
1065, 67.0
1066, 63.0
1067, 67.0
1068, 66.0
1069, 61.0
1070, 63.0
1071, 63.0
1072, 64.0
1073, 62.0
1074, 66.0
1075, 63.0
1076, 63.0
1077, 61.0
1078, 60.0
1079, 68.0
1080, 62.0
1081, 61.0
1082, 66.0
1083, 63.0
1084, 61.0
1085, 67.0
1086, 62.0
1087, 64.0
1088, 64.0
1089, 63.0
1090, 64.0
1091, 59.0
1092, 63.0
1093, 62.0
1094, 64.0
1095, 62.0
1096, 60.0
1097, 61.0
1098, 62.0
1099, 62.0
1100, 62.0
1101, 61.0
1102, 63.0
1103, 63.0
1104, 65.0
1105, 61.0
1106, 63.0
1107, 60.0
1108, 63.0
1109, 62.0
1110, 63.0
1111, 66.0
1112, 63.0
1113, 63.0
1114, 66.0
1115, 62.0
1116, 64.0
1117, 63.0
1118, 61.0
1119, 66.0
1120, 60.0
1121, 61.0
1122, 65.0
1123, 60.0
1124, 59.0
1125, 66.0
1126, 62.0
1127, 62.0
1128, 61.0
1129, 63.0
1130, 64.0
1131, 61.0
1132, 68.0
1133, 61.0
1134, 61.0
1135, 63.0
1136, 64.0
1137, 63.0
1138, 65.0
1139, 62.0
1140, 63.0
1141, 68.0
1142, 65.0
1143, 61.0
1144, 62.0
1145, 61.0
1146, 66.0
1147, 58.0
1148, 62.0
1149, 62.0
1150, 60.0
1151, 67.0
1152, 63.0
1153, 64.0
1154, 63.0
1155, 63.0
1156, 64.0
1157, 65.0
1158, 62.0
1159, 63.0
1160, 64.0
1161, 63.0
1162, 64.0
1163, 60.0
1164, 63.0
1165, 60.0
1166, 63.0
1167, 64.0
1168, 65.0
1169, 66.0
1170, 63.0
1171, 61.0
1172, 63.0
1173, 61.0
1174, 64.0
1175, 66.0
1176, 66.0
1177, 68.0
1178, 63.0
1179, 66.0
1180, 64.0
1181, 64.0
1182, 63.0
1183, 63.0
1184, 63.0
1185, 67.0
1186, 65.0
1187, 61.0
1188, 64.0
1189, 63.0
1190, 67.0
1191, 62.0
1192, 63.0
1193, 66.0
1194, 60.0
1195, 68.0
1196, 65.0
1197, 65.0
1198, 63.0
1199, 61.0
1200, 63.0
1201, 66.0
1202, 63.0
1203, 60.0
1204, 63.0
1205, 66.0
1206, 66.0
1207, 63.0
1208, 64.0
1209, 66.0
1210, 60.0
1211, 59.0
1212, 64.0
1213, 61.0
1214, 58.0
1215, 60.0
1216, 63.0
1217, 65.0
1218, 65.0
1219, 66.0
1220, 66.0
1221, 62.0
1222, 64.0
1223, 68.0
1224, 63.0
1225, 64.0
1226, 65.0
1227, 60.0
1228, 63.0
1229, 60.0
1230, 62.0
1231, 63.0
1232, 62.0
1233, 65.0
1234, 62.0
1235, 66.0
1236, 62.0
1237, 63.0
1238, 64.0
1239, 62.0
1240, 65.0
1241, 64.0
1242, 68.0
1243, 64.0
1244, 62.0
1245, 65.0
1246, 61.0
1247, 64.0
1248, 61.0
1249, 61.0
1250, 64.0
1251, 64.0
1252, 64.0
1253, 64.0
1254, 66.0
1255, 66.0
1256, 67.0
1257, 63.0
1258, 63.0
1259, 65.0
1260, 65.0
1261, 62.0
1262, 67.0
1263, 61.0
1264, 64.0
1265, 62.0
1266, 64.0
1267, 68.0
1268, 64.0
1269, 59.0
1270, 63.0
1271, 61.0
1272, 61.0
1273, 66.0
1274, 64.0
1275, 67.0
1276, 65.0
1277, 67.0
1278, 65.0
1279, 62.0
1280, 63.0
1281, 66.0
1282, 63.0
1283, 61.0
1284, 62.0
1285, 64.0
1286, 66.0
1287, 64.0
1288, 62.0
1289, 70.0
1290, 67.0
1291, 64.0
1292, 63.0
1293, 62.0
1294, 67.0
1295, 63.0
1296, 64.0
1297, 65.0
1298, 64.0
1299, 63.0
1300, 63.0
1301, 63.0
1302, 66.0
1303, 66.0
1304, 63.0
1305, 61.0
1306, 62.0
1307, 63.0
1308, 62.0
1309, 66.0
1310, 68.0
1311, 63.0
1312, 65.0
1313, 63.0
1314, 67.0
1315, 65.0
1316, 60.0
1317, 67.0
1318, 61.0
1319, 68.0
1320, 63.0
1321, 65.0
1322, 63.0
1323, 63.0
1324, 66.0
1325, 61.0
1326, 68.0
1327, 61.0
1328, 70.0
1329, 66.0
1330, 64.0
1331, 65.0
1332, 64.0
1333, 64.0
1334, 66.0
1335, 65.0
1336, 63.0
1337, 64.0
1338, 66.0
1339, 65.0
1340, 64.0
1341, 62.0
1342, 65.0
1343, 63.0
1344, 69.0
1345, 58.0
1346, 67.0
1347, 62.0
1348, 69.0
1349, 67.0
1350, 62.0
1351, 65.0
1352, 64.0
1353, 65.0
1354, 63.0
1355, 66.0
1356, 65.0
1357, 71.0
1358, 63.0
1359, 68.0
1360, 60.0
1361, 66.0
1362, 64.0
1363, 67.0
1364, 63.0
1365, 65.0
1366, 65.0
1367, 65.0
1368, 62.0
1369, 61.0
1370, 65.0
1371, 63.0
1372, 63.0
1373, 65.0
1374, 66.0
1375, 61.0
1376, 62.0
1377, 61.0
1378, 62.0
1379, 62.0
1380, 65.0
1381, 69.0
1382, 66.0
1383, 65.0
1384, 65.0
1385, 63.0
1386, 64.0
1387, 65.0
1388, 65.0
1389, 67.0
1390, 66.0
1391, 66.0
1392, 62.0
1393, 66.0
1394, 63.0
1395, 61.0
1396, 64.0
1397, 65.0
1398, 66.0
1399, 63.0
1400, 68.0
1401, 63.0
1402, 64.0
1403, 68.0
1404, 64.0
1405, 62.0
1406, 64.0
1407, 63.0
1408, 65.0
1409, 64.0
1410, 64.0
1411, 63.0
1412, 65.0
1413, 70.0
1414, 66.0
1415, 68.0
1416, 65.0
1417, 64.0
1418, 65.0
1419, 63.0
1420, 64.0
1421, 66.0
1422, 64.0
1423, 66.0
1424, 72.0
1425, 64.0
1426, 63.0
1427, 67.0
1428, 68.0
1429, 65.0
1430, 64.0
1431, 64.0
1432, 62.0
1433, 66.0
1434, 67.0
1435, 70.0
1436, 65.0
1437, 66.0
1438, 65.0
1439, 65.0
1440, 65.0
1441, 69.0
1442, 64.0
1443, 66.0
1444, 62.0
1445, 68.0
1446, 65.0
1447, 62.0
1448, 66.0
1449, 65.0
1450, 64.0
1451, 65.0
1452, 67.0
1453, 68.0
1454, 66.0
1455, 64.0
1456, 70.0
1457, 65.0
1458, 64.0
1459, 63.0
1460, 68.0
1461, 67.0
1462, 59.0
1463, 63.0
1464, 62.0
1465, 66.0
1466, 65.0
1467, 62.0
1468, 70.0
1469, 67.0
1470, 66.0
1471, 64.0
1472, 64.0
1473, 64.0
1474, 66.0
1475, 64.0
1476, 67.0
1477, 66.0
1478, 61.0
1479, 65.0
1480, 64.0
1481, 66.0
1482, 65.0
1483, 61.0
1484, 65.0
1485, 66.0
1486, 65.0
1487, 67.0
1488, 61.0
1489, 67.0
1490, 65.0
1491, 63.0
1492, 68.0
1493, 66.0
1494, 70.0
1495, 62.0
1496, 64.0
1497, 66.0
1498, 65.0
1499, 65.0
1500, 66.0
1501, 65.0
1502, 66.0
1503, 66.0
1504, 66.0
1505, 70.0
1506, 68.0
1507, 65.0
1508, 68.0
1509, 70.0
1510, 64.0
1511, 66.0
1512, 66.0
1513, 64.0
1514, 68.0
1515, 67.0
1516, 68.0
1517, 64.0
1518, 67.0
1519, 65.0
1520, 64.0
1521, 67.0
1522, 68.0
1523, 63.0
1524, 66.0
1525, 63.0
1526, 67.0
1527, 66.0
1528, 66.0
1529, 68.0
1530, 67.0
1531, 64.0
1532, 73.0
1533, 64.0
1534, 70.0
1535, 67.0
1536, 66.0
1537, 69.0
1538, 69.0
1539, 63.0
1540, 68.0
1541, 67.0
1542, 64.0
1543, 66.0
1544, 62.0
1545, 63.0
1546, 66.0
1547, 64.0
1548, 66.0
1549, 68.0
1550, 68.0
1551, 59.0
1552, 64.0
1553, 67.0
1554, 67.0
1555, 63.0
1556, 68.0
1557, 67.0
1558, 68.0
1559, 69.0
1560, 63.0
1561, 73.0
1562, 69.0
1563, 68.0
1564, 69.0
1565, 68.0
1566, 69.0
1567, 65.0
1568, 70.0
1569, 68.0
1570, 70.0
1571, 70.0
1572, 65.0
1573, 71.0
1574, 66.0
1575, 69.0
1576, 66.0
1577, 73.0
1578, 67.0
1579, 67.0
1580, 74.0
1581, 67.0
1582, 72.0
1583, 70.0
1584, 70.0
1585, 67.0
1586, 65.0
1587, 67.0
1588, 68.0
1589, 68.0
1590, 69.0
1591, 70.0
1592, 68.0
1593, 69.0
1594, 70.0
1595, 63.0
1596, 71.0
1597, 66.0
1598, 68.0
1599, 70.0
1600, 67.0
1601, 67.0
1602, 69.0
1603, 68.0
1604, 69.0
1605, 73.0
1606, 71.0
1607, 74.0
1608, 73.0
1609, 69.0
1610, 61.0
1611, 70.0
1612, 65.0
1613, 67.0
1614, 69.0
1615, 70.0
1616, 73.0
1617, 72.0
1618, 70.0
1619, 72.0
1620, 70.0
1621, 70.0
1622, 73.0
1623, 67.0
1624, 75.0
1625, 70.0
1626, 70.0
1627, 73.0
1628, 69.0
1629, 74.0
1630, 67.0
1631, 71.0
1632, 72.0
1633, 69.0
1634, 73.0
1635, 67.0
1636, 69.0
1637, 67.0
1638, 69.0
1639, 72.0
1640, 74.0
1641, 69.0
1642, 73.0
1643, 75.0
1644, 79.0
1645, 73.0
1646, 72.0
1647, 75.0
1648, 72.0
1649, 71.0
1650, 76.0
1651, 75.0
1652, 76.0
1653, 75.0
1654, 71.0
1655, 74.0
1656, 70.0
1657, 77.0
1658, 72.0
1659, 67.0
1660, 76.0
1661, 76.0
1662, 71.0
1663, 74.0
1664, 75.0
1665, 72.0
1666, 74.0
1667, 76.0
1668, 75.0
1669, 76.0
1670, 77.0
1671, 77.0
1672, 73.0
1673, 78.0
1674, 76.0
1675, 75.0
1676, 80.0
1677, 78.0
1678, 78.0
1679, 73.0
1680, 76.0
1681, 76.0
1682, 78.0
1683, 75.0
1684, 77.0
1685, 80.0
1686, 77.0
1687, 81.0
1688, 82.0
1689, 81.0
1690, 80.0
1691, 78.0
1692, 78.0
1693, 78.0
1694, 80.0
1695, 82.0
1696, 79.0
1697, 78.0
1698, 80.0
1699, 80.0
1700, 79.0
1701, 81.0
1702, 82.0
1703, 86.0
1704, 81.0
1705, 79.0
1706, 78.0
1707, 78.0
1708, 82.0
1709, 82.0
1710, 81.0
1711, 84.0
1712, 84.0
1713, 82.0
1714, 87.0
1715, 83.0
1716, 83.0
1717, 84.0
1718, 79.0
1719, 88.0
1720, 88.0
1721, 85.0
1722, 86.0
1723, 86.0
1724, 84.0
1725, 89.0
1726, 88.0
1727, 87.0
1728, 85.0
1729, 84.0
1730, 89.0
1731, 86.0
1732, 91.0
1733, 91.0
1734, 87.0
1735, 84.0
1736, 91.0
1737, 96.0
1738, 85.0
1739, 93.0
1740, 91.0
1741, 88.0
1742, 90.0
1743, 93.0
1744, 93.0
1745, 96.0
1746, 89.0
1747, 92.0
1748, 93.0
1749, 95.0
1750, 95.0
1751, 94.0
1752, 96.0
1753, 96.0
1754, 98.0
1755, 95.0
1756, 96.0
1757, 94.0
1758, 94.0
1759, 95.0
1760, 93.0
1761, 92.0
1762, 95.0
1763, 95.0
1764, 91.0
1765, 95.0
1766, 99.0
1767, 98.0
1768, 96.0
1769, 98.0
1770, 99.0
1771,107.0
1772,100.0
1773,110.0
1774,105.0
1775,109.0
1776,109.0
1777,108.0
1778,109.0
1779,107.0
1780,111.0
1781,117.0
1782,109.0
1783,109.0
1784,114.0
1785,117.0
1786,114.0
1787,116.0
1788,115.0
1789,116.0
1790,116.0
1791,121.0
1792,119.0
1793,121.0
1794,118.0
1795,114.0
1796,123.0
1797,124.0
1798,124.0
1799,120.0
1800,124.0
1801,127.0
1802,127.0
1803,131.0
1804,125.0
1805,130.0
1806,130.0
1807,128.0
1808,127.0
1809,133.0
1810,134.0
1811,138.0
1812,132.0
1813,141.0
1814,137.0
1815,135.0
1816,139.0
1817,141.0
1818,145.0
1819,139.0
1820,142.0
1821,142.0
1822,143.0
1823,147.0
1824,159.0
1825,150.0
1826,150.0
1827,152.0
1828,158.0
1829,151.0
1830,153.0
1831,150.0
1832,154.0
1833,158.0
1834,159.0
1835,163.0
1836,162.0
1837,158.0
1838,162.0
1839,168.0
1840,169.0
1841,167.0
1842,162.0
1843,167.0
1844,163.0
1845,166.0
1846,168.0
1847,162.0
1848,170.0
1849,170.0
1850,169.0
1851,166.0
1852,178.0
1853,181.0
1854,190.0
1855,191.0
1856,186.0
1857,191.0
1858,189.0
1859,191.0
1860,191.0
1861,201.0
1862,194.0
1863,202.0
1864,200.0
1865,205.0
1866,205.0
1867,208.0
1868,204.0
1869,215.0
1870,206.0
1871,212.0
1872,216.0
1873,203.0
1874,207.0
1875,210.0
1876,220.0
1877,217.0
1878,219.0
1879,223.0
1880,217.0
1881,228.0
1882,230.0
1883,224.0
1884,237.0
1885,238.0
1886,245.0
1887,236.0
1888,243.0
1889,246.0
1890,245.0
1891,245.0
1892,254.0
1893,246.0
1894,254.0
1895,251.0
1896,249.0
1897,261.0
1898,267.0
1899,268.0
1900,268.0
1901,274.0
1902,293.0
1903,298.0
1904,322.0
1905,338.0
1906,342.0
1907,341.0
1908,328.0
1909,322.0
1910,319.0
1911,311.0
1912,293.0
1913,307.0
1914,313.0
1915,304.0
1916,326.0
1917,335.0
1918,376.0
1919,430.0
1920,490.0
1921,552.0
1922,637.0
1923,745.0
1924,888.0
1925,1102.0
1926,1235.0
1927,1266.0
1928,1193.0
1929,985.0
1930,736.0
1931,551.0
1932,441.0
1933,422.0
1934,438.0
1935,455.0
1936,448.0
1937,424.0
1938,405.0
1939,430.0
1940,497.0
1941,563.0
1942,563.0
1943,525.0
1944,441.0
1945,377.0
1946,351.0
1947,349.0
1948,331.0
1949,326.0
1950,313.0
1951,310.0
1952,319.0
1953,307.0
1954,300.0
1955,296.0
1956,302.0
1957,310.0
1958,303.0
1959,296.0
1960,297.0
1961,296.0
1962,294.0
1963,298.0
1964,291.0
1965,287.0
1966,286.0
1967,296.0
1968,288.0
1969,285.0
1970,273.0
1971,269.0
1972,276.0
1973,278.0
1974,271.0
1975,271.0
1976,264.0
1977,266.0
1978,266.0
1979,261.0
1980,267.0
1981,265.0
1982,257.0
1983,264.0
1984,259.0
1985,257.0
1986,257.0
1987,254.0
1988,251.0
1989,254.0
1990,244.0
1991,238.0
1992,249.0
1993,242.0
1994,246.0
1995,243.0
1996,249.0
1997,241.0
1998,239.0
1999,244.0
2000,232.0
2001,234.0
2002,229.0
2003,236.0
2004,238.0
2005,228.0
2006,228.0
2007,225.0
2008,226.0
2009,228.0
2010,226.0
2011,219.0
2012,221.0
2013,213.0
2014,212.0
2015,221.0
2016,216.0
2017,213.0
2018,213.0
2019,208.0
2020,207.0
2021,211.0
2022,204.0
2023,202.0
2024,199.0
2025,196.0
2026,193.0
2027,196.0
2028,188.0
2029,190.0
2030,196.0
2031,199.0
2032,194.0
2033,195.0
2034,191.0
2035,181.0
2036,176.0
2037,155.0
2038,159.0
2039,154.0
2040,152.0
2041,156.0
2042,158.0
2043,159.0
2044,175.0
2045,175.0
2046,182.0
2047,178.0
2048,169.0
2049,169.0
2050,168.0
2051,170.0
2052,169.0
2053,170.0
2054,164.0
2055,164.0
2056,161.0
2057,163.0
2058,158.0
2059,164.0
2060,156.0
2061,159.0
2062,160.0
2063,152.0
2064,156.0
2065,156.0
2066,158.0
2067,150.0
2068,153.0
2069,150.0
2070,148.0
2071,149.0
2072,144.0
2073,154.0
2074,141.0
2075,142.0
2076,142.0
2077,140.0
2078,142.0
2079,143.0
2080,140.0
2081,138.0
2082,144.0
2083,136.0
2084,134.0
2085,130.0
2086,136.0
2087,137.0
2088,132.0
2089,131.0
2090,133.0
2091,129.0
2092,133.0
2093,126.0
2094,127.0
2095,128.0
2096,120.0
2097,127.0
2098,128.0
2099,129.0
2100,126.0
2101,123.0
2102,124.0
2103,125.0
2104,125.0
2105,123.0
2106,124.0
2107,115.0
2108,118.0
2109,119.0
2110,113.0
2111,117.0
2112,115.0
2113,111.0
2114,116.0
2115,111.0
2116,109.0
2117,109.0
2118,116.0
2119,115.0
2120,110.0
2121,110.0
2122,115.0
2123,107.0
2124,112.0
2125,111.0
2126,117.0
2127,107.0
2128,110.0
2129,109.0
2130,100.0
2131,105.0
2132,103.0
2133, 99.0
2134,104.0
2135,101.0
2136,102.0
2137,106.0
2138, 98.0
2139,106.0
2140,104.0
2141, 99.0
2142, 99.0
2143,102.0
2144,100.0
2145, 96.0
2146, 99.0
2147,102.0
2148,102.0
2149,101.0
2150,102.0
2151,100.0
2152, 96.0
2153, 99.0
2154,102.0
2155, 98.0
2156, 97.0
2157, 95.0
2158, 93.0
2159, 96.0
2160, 98.0
2161, 93.0
2162, 91.0
2163, 94.0
2164, 90.0
2165, 93.0
2166, 92.0
2167, 93.0
2168, 97.0
2169, 89.0
2170, 95.0
2171, 89.0
2172, 88.0
2173, 88.0
2174, 89.0
2175, 86.0
2176, 92.0
2177, 90.0
2178, 90.0
2179, 84.0
2180, 91.0
2181, 90.0
2182, 85.0
2183, 94.0
2184, 82.0
2185, 89.0
2186, 87.0
2187, 90.0
2188, 90.0
2189, 85.0
2190, 86.0
2191, 86.0
2192, 87.0
2193, 86.0
2194, 89.0
2195, 91.0
2196, 90.0
2197, 85.0
2198, 86.0
2199, 88.0
2200, 86.0
2201, 83.0
2202, 80.0
2203, 85.0
2204, 82.0
2205, 90.0
2206, 83.0
2207, 80.0
2208, 78.0
2209, 84.0
2210, 80.0
2211, 84.0
2212, 85.0
2213, 76.0
2214, 79.0
2215, 82.0
2216, 88.0
2217, 80.0
2218, 88.0
2219, 81.0
2220, 84.0
2221, 85.0
2222, 88.0
2223, 77.0
2224, 82.0
2225, 82.0
2226, 80.0
2227, 86.0
2228, 83.0
2229, 76.0
2230, 82.0
2231, 74.0
2232, 83.0
2233, 85.0
2234, 75.0
2235, 77.0
2236, 83.0
2237, 77.0
2238, 76.0
2239, 79.0
2240, 78.0
2241, 76.0
2242, 75.0
2243, 81.0
2244, 83.0
2245, 79.0
2246, 81.0
2247, 82.0
2248, 79.0
2249, 79.0
2250, 80.0
2251, 77.0
2252, 76.0
2253, 73.0
2254, 79.0
2255, 78.0
2256, 79.0
2257, 78.0
2258, 82.0
2259, 76.0
2260, 80.0
2261, 75.0
2262, 74.0
2263, 80.0
2264, 77.0
2265, 80.0
2266, 77.0
2267, 74.0
2268, 77.0
2269, 75.0
2270, 79.0
2271, 79.0
2272, 79.0
2273, 74.0
2274, 80.0
2275, 76.0
2276, 77.0
2277, 81.0
2278, 73.0
2279, 73.0
2280, 75.0
2281, 80.0
2282, 71.0
2283, 75.0
2284, 76.0
2285, 76.0
2286, 77.0
2287, 75.0
2288, 74.0
2289, 69.0
2290, 78.0
2291, 74.0
2292, 79.0
2293, 73.0
2294, 72.0
2295, 78.0
2296, 73.0
2297, 77.0
2298, 76.0
2299, 74.0
2300, 73.0
2301, 74.0
2302, 76.0
2303, 74.0
2304, 77.0
2305, 76.0
2306, 71.0
2307, 72.0
2308, 75.0
2309, 75.0
2310, 77.0
2311, 74.0
2312, 74.0
2313, 74.0
2314, 75.0
2315, 72.0
2316, 73.0
2317, 70.0
2318, 71.0
2319, 74.0
2320, 76.0
2321, 71.0
2322, 72.0
2323, 73.0
2324, 68.0
2325, 67.0
2326, 68.0
2327, 68.0
2328, 71.0
2329, 74.0
2330, 69.0
2331, 69.0
2332, 78.0
2333, 77.0
2334, 76.0
2335, 72.0
2336, 77.0
2337, 67.0
2338, 71.0
2339, 72.0
2340, 72.0
2341, 77.0
2342, 73.0
2343, 73.0
2344, 73.0
2345, 72.0
2346, 71.0
2347, 77.0
2348, 70.0
2349, 66.0
2350, 74.0
2351, 69.0
2352, 72.0
2353, 68.0
2354, 68.0
2355, 68.0
2356, 65.0
2357, 68.0
2358, 70.0
2359, 72.0
2360, 74.0
2361, 68.0
2362, 70.0
2363, 69.0
2364, 72.0
2365, 68.0
2366, 68.0
2367, 69.0
2368, 72.0
2369, 72.0
2370, 67.0
2371, 72.0
2372, 65.0
2373, 70.0
2374, 73.0
2375, 71.0
2376, 68.0
2377, 72.0
2378, 74.0
2379, 71.0
2380, 68.0
2381, 73.0
2382, 71.0
2383, 70.0
2384, 71.0
2385, 66.0
2386, 67.0
2387, 72.0
2388, 68.0
2389, 72.0
2390, 68.0
2391, 67.0
2392, 68.0
2393, 71.0
2394, 68.0
2395, 67.0
2396, 68.0
2397, 71.0
2398, 70.0
2399, 67.0
2400, 67.0
2401, 69.0
2402, 65.0
2403, 71.0
2404, 67.0
2405, 75.0
2406, 65.0
2407, 67.0
2408, 71.0
2409, 69.0
2410, 68.0
2411, 65.0
2412, 67.0
2413, 72.0
2414, 66.0
2415, 69.0
2416, 70.0
2417, 71.0
2418, 71.0
2419, 69.0
2420, 71.0
2421, 69.0
2422, 68.0
2423, 64.0
2424, 66.0
2425, 63.0
2426, 68.0
2427, 70.0
2428, 68.0
2429, 66.0
2430, 70.0
2431, 67.0
2432, 72.0
2433, 65.0
2434, 68.0
2435, 64.0
2436, 69.0
2437, 71.0
2438, 66.0
2439, 67.0
2440, 72.0
2441, 64.0
2442, 70.0
2443, 66.0
2444, 71.0
2445, 68.0
2446, 67.0
2447, 65.0
2448, 68.0
2449, 77.0
2450, 70.0
2451, 66.0
2452, 64.0
2453, 69.0
2454, 67.0
2455, 70.0
2456, 70.0
2457, 67.0
2458, 68.0
2459, 66.0
2460, 70.0
2461, 68.0
2462, 62.0
2463, 72.0
2464, 69.0
2465, 70.0
2466, 65.0
2467, 68.0
2468, 71.0
2469, 68.0
2470, 66.0
2471, 63.0
2472, 71.0
2473, 66.0
2474, 63.0
2475, 68.0
2476, 68.0
2477, 64.0
2478, 67.0
2479, 63.0
2480, 69.0
2481, 67.0
2482, 67.0
2483, 68.0
2484, 62.0
2485, 73.0
2486, 71.0
2487, 64.0
2488, 66.0
2489, 68.0
2490, 66.0
2491, 67.0
2492, 71.0
2493, 67.0
2494, 68.0
2495, 69.0
2496, 69.0
2497, 64.0
2498, 66.0
2499, 68.0
2500, 67.0
2501, 68.0
2502, 68.0
2503, 70.0
2504, 64.0
2505, 67.0
2506, 69.0
2507, 67.0
2508, 67.0
2509, 66.0
2510, 65.0
2511, 64.0
2512, 68.0
2513, 64.0
2514, 69.0
2515, 67.0
2516, 65.0
2517, 70.0
2518, 66.0
2519, 68.0
2520, 69.0
2521, 68.0
2522, 63.0
2523, 68.0
2524, 67.0
2525, 69.0
2526, 66.0
2527, 64.0
2528, 71.0
2529, 69.0
2530, 64.0
2531, 68.0
2532, 67.0
2533, 67.0
2534, 64.0
2535, 63.0
2536, 69.0
2537, 68.0
2538, 64.0
2539, 66.0
2540, 67.0
2541, 69.0
2542, 63.0
2543, 62.0
2544, 69.0
2545, 65.0
2546, 68.0
2547, 68.0
2548, 66.0
2549, 62.0
2550, 63.0
2551, 66.0
2552, 69.0
2553, 63.0
2554, 70.0
2555, 64.0
2556, 69.0
2557, 66.0
2558, 61.0
2559, 63.0
2560, 66.0
2561, 64.0
2562, 65.0
2563, 65.0
2564, 65.0
2565, 68.0
2566, 63.0
2567, 65.0
2568, 64.0
2569, 66.0
2570, 62.0
2571, 70.0
2572, 67.0
2573, 66.0
2574, 67.0
2575, 66.0
2576, 65.0
2577, 69.0
2578, 61.0
2579, 67.0
2580, 63.0
2581, 67.0
2582, 64.0
2583, 70.0
2584, 66.0
2585, 63.0
2586, 64.0
2587, 63.0
2588, 64.0
2589, 62.0
2590, 68.0
2591, 62.0
2592, 67.0
2593, 69.0
2594, 64.0
2595, 63.0
2596, 65.0
2597, 62.0
2598, 65.0
2599, 64.0
2600, 65.0
2601, 65.0
2602, 67.0
2603, 68.0
2604, 61.0
2605, 65.0
2606, 64.0
2607, 65.0
2608, 66.0
2609, 63.0
2610, 64.0
2611, 70.0
2612, 63.0
2613, 65.0
2614, 68.0
2615, 63.0
2616, 66.0
2617, 68.0
2618, 66.0
2619, 65.0
2620, 63.0
2621, 67.0
2622, 66.0
2623, 63.0
2624, 64.0
2625, 62.0
2626, 70.0
2627, 65.0
2628, 70.0
2629, 63.0
2630, 65.0
2631, 70.0
2632, 71.0
2633, 66.0
2634, 62.0
2635, 67.0
2636, 64.0
2637, 64.0
2638, 66.0
2639, 63.0
2640, 62.0
2641, 67.0
2642, 61.0
2643, 65.0
2644, 65.0
2645, 62.0
2646, 69.0
2647, 65.0
2648, 66.0
2649, 69.0
2650, 62.0
2651, 64.0
2652, 66.0
2653, 62.0
2654, 64.0
2655, 68.0
2656, 70.0
2657, 62.0
2658, 66.0
2659, 68.0
2660, 66.0
2661, 66.0
2662, 64.0
2663, 68.0
2664, 67.0
2665, 68.0
2666, 60.0
2667, 66.0
2668, 65.0
2669, 61.0
2670, 71.0
2671, 62.0
2672, 64.0
2673, 65.0
2674, 63.0
2675, 63.0
2676, 65.0
2677, 62.0
2678, 67.0
2679, 63.0
2680, 67.0
2681, 72.0
2682, 64.0
2683, 68.0
2684, 67.0
2685, 62.0
2686, 62.0
2687, 67.0
2688, 66.0
2689, 59.0
2690, 62.0
2691, 66.0
2692, 61.0
2693, 64.0
2694, 59.0
2695, 61.0
2696, 63.0
2697, 66.0
2698, 66.0
2699, 64.0
2700, 63.0
2701, 65.0
2702, 63.0
2703, 71.0
2704, 65.0
2705, 64.0
2706, 62.0
2707, 66.0
2708, 66.0
2709, 60.0
2710, 66.0
2711, 62.0
2712, 65.0
2713, 67.0
2714, 65.0
2715, 66.0
2716, 71.0
2717, 63.0
2718, 63.0
2719, 61.0
2720, 67.0
2721, 64.0
2722, 64.0
2723, 59.0
2724, 68.0
2725, 64.0
2726, 60.0
2727, 64.0
2728, 66.0
2729, 63.0
2730, 65.0
2731, 62.0
2732, 66.0
2733, 65.0
2734, 62.0
2735, 66.0
2736, 63.0
2737, 63.0
2738, 67.0
2739, 67.0
2740, 61.0
2741, 63.0
2742, 59.0
2743, 64.0
2744, 61.0
2745, 62.0
2746, 62.0
2747, 64.0
2748, 60.0
2749, 64.0
2750, 66.0
2751, 62.0
2752, 64.0
2753, 60.0
2754, 64.0
2755, 65.0
2756, 63.0
2757, 63.0
2758, 64.0
2759, 61.0
2760, 61.0
2761, 62.0
2762, 67.0
2763, 65.0
2764, 61.0
2765, 61.0
2766, 62.0
2767, 61.0
2768, 65.0
2769, 59.0
2770, 63.0
2771, 62.0
2772, 64.0
2773, 61.0
2774, 63.0
2775, 64.0
2776, 61.0
2777, 62.0
2778, 65.0
2779, 60.0
2780, 65.0
2781, 65.0
2782, 66.0
2783, 62.0
2784, 59.0
2785, 63.0
2786, 65.0
2787, 65.0
2788, 61.0
2789, 63.0
2790, 63.0
2791, 63.0
2792, 57.0
2793, 63.0
2794, 67.0
2795, 64.0
2796, 65.0
2797, 64.0
2798, 63.0
2799, 63.0
2800, 66.0
2801, 60.0
2802, 63.0
2803, 64.0
2804, 64.0
2805, 64.0
2806, 62.0
2807, 66.0
2808, 66.0
2809, 62.0
2810, 58.0
2811, 65.0
2812, 57.0
2813, 65.0
2814, 62.0
2815, 64.0
2816, 63.0
2817, 64.0
2818, 65.0
2819, 60.0
2820, 63.0
2821, 62.0
2822, 63.0
2823, 64.0
2824, 57.0
2825, 67.0
2826, 65.0
2827, 66.0
2828, 60.0
2829, 61.0
2830, 62.0
2831, 62.0
2832, 62.0
2833, 67.0
2834, 66.0
2835, 62.0
2836, 65.0
2837, 60.0
2838, 64.0
2839, 63.0
2840, 60.0
2841, 62.0
2842, 61.0
2843, 63.0
2844, 64.0
2845, 64.0
2846, 60.0
2847, 60.0
2848, 65.0
2849, 62.0
2850, 67.0
2851, 62.0
2852, 58.0
2853, 62.0
2854, 65.0
2855, 59.0
2856, 59.0
2857, 64.0
2858, 65.0
2859, 59.0
2860, 65.0
2861, 65.0
2862, 62.0
2863, 62.0
2864, 62.0
2865, 64.0
2866, 62.0
2867, 60.0
2868, 59.0
2869, 61.0
2870, 63.0
2871, 59.0
2872, 63.0
2873, 63.0
2874, 64.0
2875, 60.0
2876, 62.0
2877, 64.0
2878, 64.0
2879, 65.0
2880, 65.0
2881, 64.0
2882, 64.0
2883, 65.0
2884, 60.0
2885, 62.0
2886, 65.0
2887, 60.0
2888, 63.0
2889, 64.0
2890, 62.0
2891, 59.0
2892, 63.0
2893, 60.0
2894, 62.0
2895, 65.0
2896, 65.0
2897, 61.0
2898, 64.0
2899, 63.0
2900, 63.0
2901, 60.0
2902, 66.0
2903, 64.0
2904, 63.0
2905, 66.0
2906, 64.0
2907, 64.0
2908, 61.0
2909, 62.0
2910, 68.0
2911, 68.0
2912, 66.0
2913, 63.0
2914, 62.0
2915, 62.0
2916, 64.0
2917, 61.0
2918, 59.0
2919, 63.0
2920, 60.0
2921, 64.0
2922, 59.0
2923, 60.0
2924, 62.0
2925, 61.0
2926, 58.0
2927, 63.0
2928, 64.0
2929, 63.0
2930, 63.0
2931, 64.0
2932, 64.0
2933, 64.0
2934, 61.0
2935, 66.0
2936, 64.0
2937, 64.0
2938, 63.0
2939, 66.0
2940, 62.0
2941, 65.0
2942, 59.0
2943, 63.0
2944, 69.0
2945, 62.0
2946, 67.0
2947, 61.0
2948, 66.0
2949, 64.0
2950, 63.0
2951, 63.0
2952, 63.0
2953, 60.0
2954, 64.0
2955, 64.0
2956, 61.0
2957, 60.0
2958, 64.0
2959, 63.0
2960, 64.0
2961, 64.0
2962, 62.0
2963, 60.0
2964, 65.0
2965, 61.0
2966, 62.0
2967, 63.0
2968, 66.0
2969, 62.0
2970, 62.0
2971, 67.0
2972, 63.0
2973, 64.0
2974, 62.0
2975, 67.0
2976, 66.0
2977, 62.0
2978, 61.0
2979, 61.0
2980, 66.0
2981, 65.0
2982, 63.0
2983, 67.0
2984, 65.0
2985, 61.0
2986, 60.0
2987, 59.0
2988, 60.0
2989, 65.0
2990, 63.0
2991, 63.0
2992, 65.0
2993, 63.0
2994, 67.0
2995, 60.0
2996, 60.0
2997, 62.0
2998, 62.0
2999, 63.0
3000, 64.0
3001, 64.0
3002, 62.0
3003, 59.0
3004, 61.0
3005, 65.0
3006, 65.0
3007, 61.0
3008, 61.0
3009, 63.0
3010, 63.0
3011, 65.0
3012, 60.0
3013, 65.0
3014, 63.0
3015, 60.0
3016, 65.0
3017, 64.0
3018, 62.0
3019, 63.0
3020, 60.0
3021, 61.0
3022, 62.0
3023, 63.0
3024, 63.0
3025, 64.0
3026, 62.0
3027, 64.0
3028, 63.0
3029, 63.0
3030, 64.0
3031, 63.0
3032, 67.0
3033, 65.0
3034, 63.0
3035, 58.0
3036, 64.0
3037, 63.0
3038, 61.0
3039, 61.0
3040, 61.0
3041, 63.0
3042, 68.0
3043, 60.0
3044, 60.0
3045, 61.0
3046, 65.0
3047, 66.0
3048, 65.0
3049, 69.0
3050, 62.0
3051, 63.0
3052, 62.0
3053, 66.0
3054, 64.0
3055, 66.0
3056, 64.0
3057, 66.0
3058, 59.0
3059, 60.0
3060, 61.0
3061, 63.0
3062, 63.0
3063, 64.0
3064, 67.0
3065, 61.0
3066, 62.0
3067, 64.0
3068, 62.0
3069, 64.0
3070, 63.0
3071, 61.0
3072, 58.0
3073, 65.0
3074, 64.0
3075, 65.0
3076, 64.0
3077, 59.0
3078, 62.0
3079, 64.0
3080, 61.0
3081, 63.0
3082, 67.0
3083, 63.0
3084, 62.0
3085, 61.0
3086, 61.0
3087, 66.0
3088, 62.0
3089, 62.0
3090, 60.0
3091, 59.0
3092, 66.0
3093, 60.0
3094, 60.0
3095, 64.0
3096, 62.0
3097, 57.0
3098, 58.0
3099, 68.0
3100, 64.0
3101, 61.0
3102, 65.0
3103, 61.0
3104, 66.0
3105, 61.0
3106, 65.0
3107, 60.0
3108, 61.0
3109, 63.0
3110, 64.0
3111, 62.0
3112, 64.0
3113, 63.0
3114, 61.0
3115, 63.0
3116, 66.0
3117, 66.0
3118, 64.0
3119, 64.0
3120, 62.0
3121, 64.0
3122, 61.0
3123, 60.0
3124, 62.0
3125, 63.0
3126, 60.0
3127, 65.0
3128, 63.0
3129, 64.0
3130, 64.0
3131, 60.0
3132, 63.0
3133, 61.0
3134, 62.0
3135, 58.0
3136, 63.0
3137, 60.0
3138, 62.0
3139, 62.0
3140, 62.0
3141, 61.0
3142, 63.0
3143, 60.0
3144, 60.0
3145, 67.0
3146, 64.0
3147, 63.0
3148, 67.0
3149, 66.0
3150, 65.0
3151, 66.0
3152, 62.0
3153, 64.0
3154, 64.0
3155, 64.0
3156, 61.0
3157, 63.0
3158, 57.0
3159, 63.0
3160, 63.0
3161, 60.0
3162, 66.0
3163, 67.0
3164, 57.0
3165, 67.0
3166, 65.0
3167, 61.0
3168, 66.0
3169, 64.0
3170, 61.0
3171, 62.0
3172, 60.0
3173, 57.0
3174, 65.0
3175, 64.0
3176, 59.0
3177, 66.0
3178, 64.0
3179, 67.0
3180, 62.0
3181, 63.0
3182, 57.0
3183, 61.0
3184, 59.0
3185, 62.0
3186, 64.0
3187, 61.0
3188, 61.0
3189, 64.0
3190, 60.0
3191, 60.0
3192, 66.0
3193, 65.0
3194, 62.0
3195, 63.0
3196, 63.0
3197, 63.0
3198, 64.0
3199, 66.0
3200, 62.0
3201, 64.0
3202, 61.0
3203, 60.0
3204, 59.0
3205, 59.0
3206, 62.0
3207, 62.0
3208, 62.0
3209, 62.0
3210, 63.0
3211, 67.0
3212, 64.0
3213, 63.0
3214, 62.0
3215, 64.0
3216, 63.0
3217, 66.0
3218, 64.0
3219, 63.0
3220, 62.0
3221, 64.0
3222, 60.0
3223, 63.0
3224, 66.0
3225, 62.0
3226, 56.0
3227, 60.0
3228, 64.0
3229, 58.0
3230, 63.0
3231, 65.0
3232, 64.0
3233, 64.0
3234, 63.0
3235, 64.0
3236, 64.0
3237, 62.0
3238, 60.0
3239, 60.0
3240, 63.0
3241, 63.0
3242, 59.0
3243, 58.0
3244, 65.0
3245, 61.0
3246, 64.0
3247, 63.0
3248, 61.0
3249, 63.0
3250, 64.0
3251, 61.0
3252, 63.0
3253, 62.0
3254, 63.0
3255, 65.0
3256, 63.0
3257, 61.0
3258, 63.0
3259, 60.0
3260, 64.0
3261, 62.0
3262, 66.0
3263, 61.0
3264, 68.0
3265, 64.0
3266, 59.0
3267, 61.0
3268, 63.0
3269, 66.0
3270, 62.0
3271, 65.0
3272, 61.0
3273, 60.0
3274, 63.0
3275, 63.0
3276, 62.0
3277, 63.0
3278, 64.0
3279, 67.0
3280, 63.0
3281, 61.0
3282, 61.0
3283, 64.0
3284, 65.0
3285, 67.0
3286, 61.0
3287, 63.0
3288, 65.0
3289, 57.0
3290, 67.0
3291, 67.0
3292, 63.0
3293, 61.0
3294, 63.0
3295, 65.0
3296, 62.0
3297, 63.0
3298, 59.0
3299, 65.0
3300, 65.0
3301, 60.0
3302, 65.0
3303, 62.0
3304, 67.0
3305, 62.0
3306, 62.0
3307, 64.0
3308, 66.0
3309, 64.0
3310, 62.0
3311, 65.0
3312, 59.0
3313, 63.0
3314, 66.0
3315, 65.0
3316, 65.0
3317, 64.0
3318, 66.0
3319, 66.0
3320, 64.0
3321, 64.0
3322, 65.0
3323, 64.0
3324, 60.0
3325, 65.0
3326, 62.0
3327, 62.0
3328, 60.0
3329, 61.0
3330, 65.0
3331, 64.0
3332, 63.0
3333, 58.0
3334, 64.0
3335, 64.0
3336, 63.0
3337, 63.0
3338, 64.0
3339, 62.0
3340, 65.0
3341, 61.0
3342, 62.0
3343, 61.0
3344, 61.0
3345, 62.0
3346, 63.0
3347, 61.0
3348, 65.0
3349, 61.0
3350, 60.0
3351, 61.0
3352, 60.0
3353, 64.0
3354, 63.0
3355, 63.0
3356, 63.0
3357, 56.0
3358, 65.0
3359, 65.0
3360, 62.0
3361, 65.0
3362, 60.0
3363, 63.0
3364, 63.0
3365, 65.0
3366, 63.0
3367, 66.0
3368, 63.0
3369, 64.0
3370, 62.0
3371, 66.0
3372, 64.0
3373, 64.0
3374, 63.0
3375, 63.0
3376, 64.0
3377, 61.0
3378, 63.0
3379, 62.0
3380, 65.0
3381, 63.0
3382, 63.0
3383, 63.0
3384, 61.0
3385, 62.0
3386, 64.0
3387, 66.0
3388, 64.0
3389, 61.0
3390, 65.0
3391, 64.0
3392, 63.0
3393, 60.0
3394, 63.0
3395, 63.0
3396, 61.0
3397, 66.0
3398, 64.0
3399, 65.0
3400, 62.0
3401, 62.0
3402, 64.0
3403, 63.0
3404, 63.0
3405, 63.0
3406, 64.0
3407, 60.0
3408, 64.0
3409, 60.0
3410, 63.0
3411, 64.0
3412, 63.0
3413, 64.0
3414, 62.0
3415, 61.0
3416, 61.0
3417, 62.0
3418, 59.0
3419, 65.0
3420, 63.0
3421, 63.0
3422, 63.0
3423, 64.0
3424, 60.0
3425, 63.0
3426, 68.0
3427, 66.0
3428, 61.0
3429, 62.0
3430, 64.0
3431, 61.0
3432, 67.0
3433, 64.0
3434, 65.0
3435, 64.0
3436, 62.0
3437, 64.0
3438, 65.0
3439, 64.0
3440, 64.0
3441, 67.0
3442, 64.0
3443, 63.0
3444, 66.0
3445, 66.0
3446, 66.0
3447, 62.0
3448, 61.0
3449, 67.0
3450, 66.0
3451, 65.0
3452, 63.0
3453, 62.0
3454, 64.0
3455, 59.0
3456, 68.0
3457, 63.0
3458, 64.0
3459, 65.0
3460, 67.0
3461, 64.0
3462, 66.0
3463, 67.0
3464, 61.0
3465, 63.0
3466, 63.0
3467, 60.0
3468, 63.0
3469, 65.0
3470, 63.0
3471, 62.0
3472, 62.0
3473, 60.0
3474, 64.0
3475, 63.0
3476, 66.0
3477, 62.0
3478, 63.0
3479, 63.0
3480, 59.0
3481, 59.0
3482, 62.0
3483, 61.0
3484, 64.0
3485, 69.0
3486, 66.0
3487, 56.0
3488, 65.0
3489, 67.0
3490, 63.0
3491, 68.0
3492, 62.0
3493, 61.0
3494, 65.0
3495, 63.0
3496, 59.0
3497, 66.0
3498, 66.0
3499, 63.0
3500, 65.0
3501, 66.0
3502, 61.0
3503, 64.0
3504, 60.0
3505, 65.0
3506, 65.0
3507, 60.0
3508, 64.0
3509, 61.0
3510, 61.0
3511, 59.0
3512, 60.0
3513, 62.0
3514, 60.0
3515, 64.0
3516, 58.0
3517, 63.0
3518, 66.0
3519, 59.0
3520, 64.0
3521, 60.0
3522, 62.0
3523, 60.0
3524, 64.0
3525, 65.0
3526, 64.0
3527, 60.0
3528, 63.0
3529, 66.0
3530, 61.0
3531, 64.0
3532, 64.0
3533, 62.0
3534, 66.0
3535, 62.0
3536, 64.0
3537, 62.0
3538, 66.0
3539, 58.0
3540, 64.0
3541, 67.0
3542, 61.0
3543, 65.0
3544, 63.0
3545, 64.0
3546, 66.0
3547, 63.0
3548, 61.0
3549, 62.0
3550, 59.0
3551, 65.0
3552, 65.0
3553, 62.0
3554, 63.0
3555, 62.0
3556, 61.0
3557, 66.0
3558, 59.0
3559, 60.0
3560, 63.0
3561, 64.0
3562, 65.0
3563, 65.0
3564, 63.0
3565, 63.0
3566, 67.0
3567, 67.0
3568, 64.0
3569, 64.0
3570, 59.0
3571, 63.0
3572, 68.0
3573, 61.0
3574, 63.0
3575, 64.0
3576, 63.0
3577, 60.0
3578, 65.0
3579, 61.0
3580, 59.0
3581, 63.0
3582, 61.0
3583, 64.0
3584, 65.0
3585, 63.0
3586, 60.0
3587, 63.0
3588, 68.0
3589, 59.0
3590, 68.0
3591, 63.0
3592, 63.0
3593, 58.0
3594, 62.0
3595, 62.0
3596, 64.0
3597, 63.0
3598, 62.0
3599, 63.0
3600, 67.0
3601, 62.0
3602, 62.0
3603, 62.0
3604, 61.0
3605, 57.0
3606, 58.0
3607, 63.0
3608, 68.0
3609, 64.0
3610, 61.0
3611, 63.0
3612, 62.0
3613, 65.0
3614, 65.0
3615, 58.0
3616, 63.0
3617, 60.0
3618, 63.0
3619, 63.0
3620, 60.0
3621, 61.0
3622, 63.0
3623, 64.0
3624, 60.0
3625, 62.0
3626, 61.0
3627, 62.0
3628, 65.0
3629, 59.0
3630, 65.0
3631, 60.0
3632, 65.0
3633, 65.0
3634, 60.0
3635, 65.0
3636, 64.0
3637, 64.0
3638, 61.0
3639, 65.0
3640, 63.0
3641, 62.0
3642, 61.0
3643, 64.0
3644, 61.0
3645, 62.0
3646, 62.0
3647,  1.0

