Single
3648
Scan 0,   
0, 62.0
1, 60.0
2, 64.0
3, 64.0
4, 64.0
5, 62.0
6, 60.0
7, 60.0
8, 63.0
9, 61.0
10, 62.0
11, 60.0
12, 60.0
13, 60.0
14, 61.0
15, 66.0
16, 63.0
17, 63.0
18, 64.0
19, 65.0
20, 63.0
21, 67.0
22, 62.0
23, 65.0
24, 61.0
25, 61.0
26, 57.0
27, 63.0
28, 63.0
29, 62.0
30, 66.0
31, 61.0
32, 64.0
33, 64.0
34, 64.0
35, 61.0
36, 60.0
37, 64.0
38, 62.0
39, 62.0
40, 62.0
41, 58.0
42, 62.0
43, 65.0
44, 66.0
45, 67.0
46, 64.0
47, 66.0
48, 60.0
49, 61.0
50, 60.0
51, 64.0
52, 62.0
53, 60.0
54, 61.0
55, 63.0
56, 61.0
57, 61.0
58, 64.0
59, 67.0
60, 61.0
61, 66.0
62, 60.0
63, 64.0
64, 57.0
65, 59.0
66, 65.0
67, 61.0
68, 65.0
69, 66.0
70, 59.0
71, 64.0
72, 59.0
73, 60.0
74, 62.0
75, 62.0
76, 63.0
77, 60.0
78, 61.0
79, 63.0
80, 64.0
81, 64.0
82, 65.0
83, 68.0
84, 61.0
85, 61.0
86, 63.0
87, 63.0
88, 63.0
89, 60.0
90, 64.0
91, 60.0
92, 60.0
93, 64.0
94, 64.0
95, 64.0
96, 63.0
97, 63.0
98, 60.0
99, 62.0
100, 61.0
101, 61.0
102, 62.0
103, 64.0
104, 64.0
105, 62.0
106, 62.0
107, 66.0
108, 63.0
109, 62.0
110, 62.0
111, 65.0
112, 64.0
113, 61.0
114, 63.0
115, 63.0
116, 59.0
117, 65.0
118, 66.0
119, 60.0
120, 54.0
121, 65.0
122, 59.0
123, 61.0
124, 59.0
125, 62.0
126, 61.0
127, 62.0
128, 59.0
129, 66.0
130, 64.0
131, 62.0
132, 63.0
133, 64.0
134, 62.0
135, 60.0
136, 57.0
137, 63.0
138, 64.0
139, 60.0
140, 61.0
141, 61.0
142, 62.0
143, 63.0
144, 66.0
145, 63.0
146, 62.0
147, 62.0
148, 64.0
149, 62.0
150, 63.0
151, 60.0
152, 62.0
153, 63.0
154, 64.0
155, 61.0
156, 64.0
157, 66.0
158, 61.0
159, 63.0
160, 63.0
161, 62.0
162, 63.0
163, 66.0
164, 61.0
165, 63.0
166, 62.0
167, 63.0
168, 61.0
169, 63.0
170, 61.0
171, 62.0
172, 64.0
173, 64.0
174, 63.0
175, 62.0
176, 61.0
177, 64.0
178, 68.0
179, 63.0
180, 63.0
181, 62.0
182, 65.0
183, 60.0
184, 61.0
185, 58.0
186, 59.0
187, 62.0
188, 60.0
189, 67.0
190, 65.0
191, 66.0
192, 59.0
193, 61.0
194, 62.0
195, 63.0
196, 61.0
197, 63.0
198, 64.0
199, 62.0
200, 60.0
201, 61.0
202, 64.0
203, 65.0
204, 63.0
205, 67.0
206, 61.0
207, 64.0
208, 64.0
209, 58.0
210, 65.0
211, 61.0
212, 61.0
213, 63.0
214, 63.0
215, 62.0
216, 62.0
217, 64.0
218, 64.0
219, 62.0
220, 65.0
221, 61.0
222, 64.0
223, 63.0
224, 65.0
225, 63.0
226, 66.0
227, 63.0
228, 64.0
229, 62.0
230, 63.0
231, 62.0
232, 65.0
233, 66.0
234, 61.0
235, 60.0
236, 64.0
237, 66.0
238, 60.0
239, 63.0
240, 59.0
241, 62.0
242, 64.0
243, 63.0
244, 63.0
245, 61.0
246, 60.0
247, 60.0
248, 68.0
249, 63.0
250, 65.0
251, 62.0
252, 65.0
253, 61.0
254, 64.0
255, 64.0
256, 61.0
257, 63.0
258, 61.0
259, 61.0
260, 60.0
261, 68.0
262, 61.0
263, 58.0
264, 65.0
265, 68.0
266, 60.0
267, 60.0
268, 62.0
269, 61.0
270, 62.0
271, 62.0
272, 60.0
273, 63.0
274, 60.0
275, 67.0
276, 64.0
277, 63.0
278, 64.0
279, 62.0
280, 65.0
281, 61.0
282, 59.0
283, 63.0
284, 60.0
285, 63.0
286, 61.0
287, 63.0
288, 63.0
289, 64.0
290, 62.0
291, 61.0
292, 62.0
293, 60.0
294, 62.0
295, 63.0
296, 59.0
297, 60.0
298, 66.0
299, 64.0
300, 64.0
301, 60.0
302, 63.0
303, 63.0
304, 60.0
305, 65.0
306, 60.0
307, 61.0
308, 64.0
309, 61.0
310, 62.0
311, 62.0
312, 63.0
313, 65.0
314, 65.0
315, 62.0
316, 62.0
317, 65.0
318, 58.0
319, 60.0
320, 62.0
321, 62.0
322, 60.0
323, 65.0
324, 64.0
325, 62.0
326, 62.0
327, 61.0
328, 63.0
329, 69.0
330, 59.0
331, 61.0
332, 60.0
333, 65.0
334, 66.0
335, 61.0
336, 59.0
337, 67.0
338, 61.0
339, 58.0
340, 60.0
341, 61.0
342, 60.0
343, 63.0
344, 66.0
345, 56.0
346, 64.0
347, 64.0
348, 63.0
349, 64.0
350, 63.0
351, 62.0
352, 62.0
353, 65.0
354, 63.0
355, 65.0
356, 62.0
357, 63.0
358, 63.0
359, 66.0
360, 59.0
361, 64.0
362, 62.0
363, 59.0
364, 64.0
365, 61.0
366, 63.0
367, 59.0
368, 64.0
369, 59.0
370, 63.0
371, 65.0
372, 63.0
373, 63.0
374, 64.0
375, 63.0
376, 65.0
377, 62.0
378, 64.0
379, 67.0
380, 64.0
381, 61.0
382, 62.0
383, 63.0
384, 62.0
385, 58.0
386, 67.0
387, 63.0
388, 63.0
389, 63.0
390, 67.0
391, 62.0
392, 64.0
393, 64.0
394, 66.0
395, 60.0
396, 62.0
397, 60.0
398, 63.0
399, 61.0
400, 61.0
401, 62.0
402, 65.0
403, 63.0
404, 62.0
405, 65.0
406, 60.0
407, 66.0
408, 61.0
409, 65.0
410, 62.0
411, 58.0
412, 63.0
413, 59.0
414, 62.0
415, 63.0
416, 64.0
417, 64.0
418, 65.0
419, 59.0
420, 63.0
421, 63.0
422, 60.0
423, 67.0
424, 62.0
425, 60.0
426, 62.0
427, 64.0
428, 62.0
429, 65.0
430, 60.0
431, 60.0
432, 65.0
433, 62.0
434, 59.0
435, 62.0
436, 62.0
437, 60.0
438, 60.0
439, 61.0
440, 64.0
441, 63.0
442, 65.0
443, 59.0
444, 60.0
445, 60.0
446, 64.0
447, 62.0
448, 65.0
449, 62.0
450, 64.0
451, 60.0
452, 61.0
453, 62.0
454, 62.0
455, 65.0
456, 63.0
457, 62.0
458, 62.0
459, 62.0
460, 63.0
461, 65.0
462, 64.0
463, 63.0
464, 63.0
465, 60.0
466, 62.0
467, 59.0
468, 69.0
469, 61.0
470, 63.0
471, 61.0
472, 64.0
473, 64.0
474, 63.0
475, 65.0
476, 64.0
477, 65.0
478, 65.0
479, 60.0
480, 60.0
481, 61.0
482, 60.0
483, 64.0
484, 67.0
485, 67.0
486, 64.0
487, 60.0
488, 63.0
489, 63.0
490, 62.0
491, 62.0
492, 64.0
493, 62.0
494, 61.0
495, 59.0
496, 66.0
497, 59.0
498, 68.0
499, 64.0
500, 59.0
501, 63.0
502, 62.0
503, 62.0
504, 66.0
505, 64.0
506, 63.0
507, 64.0
508, 58.0
509, 64.0
510, 62.0
511, 63.0
512, 62.0
513, 62.0
514, 64.0
515, 63.0
516, 63.0
517, 64.0
518, 60.0
519, 65.0
520, 59.0
521, 56.0
522, 61.0
523, 66.0
524, 63.0
525, 66.0
526, 62.0
527, 63.0
528, 61.0
529, 60.0
530, 64.0
531, 61.0
532, 66.0
533, 64.0
534, 61.0
535, 63.0
536, 63.0
537, 60.0
538, 66.0
539, 61.0
540, 58.0
541, 64.0
542, 61.0
543, 61.0
544, 64.0
545, 64.0
546, 63.0
547, 62.0
548, 64.0
549, 62.0
550, 65.0
551, 63.0
552, 64.0
553, 64.0
554, 61.0
555, 64.0
556, 68.0
557, 62.0
558, 65.0
559, 63.0
560, 63.0
561, 62.0
562, 64.0
563, 63.0
564, 60.0
565, 69.0
566, 60.0
567, 63.0
568, 60.0
569, 61.0
570, 61.0
571, 63.0
572, 64.0
573, 61.0
574, 68.0
575, 64.0
576, 61.0
577, 59.0
578, 64.0
579, 65.0
580, 59.0
581, 63.0
582, 64.0
583, 65.0
584, 62.0
585, 65.0
586, 61.0
587, 63.0
588, 59.0
589, 64.0
590, 63.0
591, 58.0
592, 59.0
593, 67.0
594, 61.0
595, 59.0
596, 63.0
597, 66.0
598, 63.0
599, 63.0
600, 65.0
601, 68.0
602, 65.0
603, 65.0
604, 65.0
605, 61.0
606, 61.0
607, 64.0
608, 65.0
609, 62.0
610, 63.0
611, 62.0
612, 60.0
613, 62.0
614, 61.0
615, 64.0
616, 66.0
617, 62.0
618, 63.0
619, 59.0
620, 62.0
621, 64.0
622, 59.0
623, 65.0
624, 61.0
625, 63.0
626, 64.0
627, 60.0
628, 60.0
629, 60.0
630, 63.0
631, 62.0
632, 63.0
633, 64.0
634, 61.0
635, 64.0
636, 64.0
637, 63.0
638, 63.0
639, 62.0
640, 66.0
641, 57.0
642, 64.0
643, 63.0
644, 62.0
645, 64.0
646, 64.0
647, 62.0
648, 63.0
649, 60.0
650, 61.0
651, 65.0
652, 63.0
653, 64.0
654, 61.0
655, 63.0
656, 62.0
657, 61.0
658, 60.0
659, 63.0
660, 61.0
661, 64.0
662, 58.0
663, 63.0
664, 62.0
665, 64.0
666, 66.0
667, 61.0
668, 61.0
669, 66.0
670, 65.0
671, 61.0
672, 65.0
673, 62.0
674, 64.0
675, 60.0
676, 62.0
677, 63.0
678, 64.0
679, 62.0
680, 61.0
681, 64.0
682, 62.0
683, 61.0
684, 61.0
685, 62.0
686, 66.0
687, 64.0
688, 64.0
689, 62.0
690, 63.0
691, 58.0
692, 62.0
693, 63.0
694, 58.0
695, 63.0
696, 62.0
697, 66.0
698, 63.0
699, 60.0
700, 64.0
701, 60.0
702, 60.0
703, 62.0
704, 65.0
705, 60.0
706, 61.0
707, 59.0
708, 67.0
709, 65.0
710, 62.0
711, 65.0
712, 63.0
713, 64.0
714, 63.0
715, 58.0
716, 55.0
717, 63.0
718, 62.0
719, 62.0
720, 62.0
721, 62.0
722, 61.0
723, 63.0
724, 60.0
725, 63.0
726, 66.0
727, 60.0
728, 64.0
729, 59.0
730, 62.0
731, 64.0
732, 60.0
733, 61.0
734, 64.0
735, 63.0
736, 59.0
737, 67.0
738, 64.0
739, 59.0
740, 62.0
741, 61.0
742, 68.0
743, 61.0
744, 67.0
745, 61.0
746, 64.0
747, 62.0
748, 62.0
749, 61.0
750, 61.0
751, 64.0
752, 63.0
753, 58.0
754, 65.0
755, 61.0
756, 65.0
757, 62.0
758, 64.0
759, 59.0
760, 61.0
761, 61.0
762, 61.0
763, 65.0
764, 63.0
765, 64.0
766, 65.0
767, 62.0
768, 58.0
769, 60.0
770, 62.0
771, 60.0
772, 64.0
773, 61.0
774, 58.0
775, 63.0
776, 59.0
777, 60.0
778, 63.0
779, 63.0
780, 58.0
781, 62.0
782, 63.0
783, 64.0
784, 65.0
785, 60.0
786, 60.0
787, 64.0
788, 62.0
789, 62.0
790, 63.0
791, 63.0
792, 62.0
793, 63.0
794, 60.0
795, 65.0
796, 64.0
797, 61.0
798, 63.0
799, 67.0
800, 57.0
801, 63.0
802, 64.0
803, 64.0
804, 61.0
805, 60.0
806, 61.0
807, 62.0
808, 63.0
809, 62.0
810, 61.0
811, 61.0
812, 64.0
813, 61.0
814, 65.0
815, 65.0
816, 63.0
817, 63.0
818, 61.0
819, 62.0
820, 62.0
821, 62.0
822, 65.0
823, 61.0
824, 64.0
825, 63.0
826, 59.0
827, 61.0
828, 63.0
829, 61.0
830, 65.0
831, 64.0
832, 65.0
833, 62.0
834, 61.0
835, 62.0
836, 64.0
837, 61.0
838, 62.0
839, 64.0
840, 63.0
841, 64.0
842, 62.0
843, 63.0
844, 64.0
845, 59.0
846, 60.0
847, 65.0
848, 65.0
849, 61.0
850, 58.0
851, 63.0
852, 60.0
853, 61.0
854, 61.0
855, 63.0
856, 62.0
857, 61.0
858, 59.0
859, 61.0
860, 65.0
861, 63.0
862, 63.0
863, 64.0
864, 67.0
865, 59.0
866, 65.0
867, 63.0
868, 62.0
869, 62.0
870, 61.0
871, 66.0
872, 65.0
873, 60.0
874, 66.0
875, 63.0
876, 64.0
877, 64.0
878, 60.0
879, 62.0
880, 61.0
881, 60.0
882, 61.0
883, 64.0
884, 60.0
885, 61.0
886, 61.0
887, 64.0
888, 63.0
889, 61.0
890, 58.0
891, 63.0
892, 63.0
893, 66.0
894, 65.0
895, 60.0
896, 60.0
897, 59.0
898, 65.0
899, 62.0
900, 60.0
901, 60.0
902, 59.0
903, 69.0
904, 61.0
905, 61.0
906, 61.0
907, 66.0
908, 61.0
909, 62.0
910, 65.0
911, 60.0
912, 60.0
913, 62.0
914, 61.0
915, 62.0
916, 62.0
917, 64.0
918, 59.0
919, 68.0
920, 60.0
921, 60.0
922, 60.0
923, 60.0
924, 62.0
925, 66.0
926, 61.0
927, 61.0
928, 64.0
929, 63.0
930, 64.0
931, 60.0
932, 64.0
933, 64.0
934, 63.0
935, 66.0
936, 62.0
937, 66.0
938, 62.0
939, 66.0
940, 65.0
941, 67.0
942, 62.0
943, 62.0
944, 62.0
945, 63.0
946, 65.0
947, 58.0
948, 64.0
949, 63.0
950, 59.0
951, 66.0
952, 61.0
953, 64.0
954, 64.0
955, 63.0
956, 66.0
957, 63.0
958, 58.0
959, 60.0
960, 63.0
961, 59.0
962, 63.0
963, 62.0
964, 61.0
965, 65.0
966, 60.0
967, 60.0
968, 67.0
969, 63.0
970, 62.0
971, 60.0
972, 63.0
973, 62.0
974, 62.0
975, 60.0
976, 63.0
977, 64.0
978, 61.0
979, 62.0
980, 64.0
981, 61.0
982, 64.0
983, 56.0
984, 60.0
985, 60.0
986, 62.0
987, 60.0
988, 64.0
989, 61.0
990, 66.0
991, 59.0
992, 64.0
993, 62.0
994, 62.0
995, 61.0
996, 64.0
997, 64.0
998, 63.0
999, 62.0
1000, 61.0
1001, 65.0
1002, 59.0
1003, 64.0
1004, 55.0
1005, 61.0
1006, 61.0
1007, 65.0
1008, 62.0
1009, 59.0
1010, 63.0
1011, 60.0
1012, 64.0
1013, 64.0
1014, 63.0
1015, 63.0
1016, 64.0
1017, 62.0
1018, 61.0
1019, 66.0
1020, 63.0
1021, 63.0
1022, 63.0
1023, 67.0
1024, 64.0
1025, 63.0
1026, 61.0
1027, 65.0
1028, 63.0
1029, 65.0
1030, 63.0
1031, 63.0
1032, 61.0
1033, 63.0
1034, 63.0
1035, 62.0
1036, 62.0
1037, 60.0
1038, 59.0
1039, 64.0
1040, 60.0
1041, 60.0
1042, 61.0
1043, 65.0
1044, 65.0
1045, 66.0
1046, 63.0
1047, 62.0
1048, 66.0
1049, 62.0
1050, 61.0
1051, 67.0
1052, 63.0
1053, 62.0
1054, 63.0
1055, 58.0
1056, 63.0
1057, 63.0
1058, 63.0
1059, 60.0
1060, 66.0
1061, 63.0
1062, 66.0
1063, 64.0
1064, 58.0
1065, 63.0
1066, 66.0
1067, 62.0
1068, 64.0
1069, 60.0
1070, 61.0
1071, 61.0
1072, 64.0
1073, 63.0
1074, 65.0
1075, 60.0
1076, 65.0
1077, 68.0
1078, 61.0
1079, 64.0
1080, 65.0
1081, 67.0
1082, 63.0
1083, 63.0
1084, 62.0
1085, 62.0
1086, 61.0
1087, 59.0
1088, 63.0
1089, 60.0
1090, 59.0
1091, 66.0
1092, 63.0
1093, 64.0
1094, 63.0
1095, 63.0
1096, 63.0
1097, 62.0
1098, 65.0
1099, 63.0
1100, 67.0
1101, 62.0
1102, 65.0
1103, 63.0
1104, 62.0
1105, 63.0
1106, 65.0
1107, 66.0
1108, 61.0
1109, 61.0
1110, 62.0
1111, 62.0
1112, 63.0
1113, 60.0
1114, 62.0
1115, 62.0
1116, 66.0
1117, 62.0
1118, 63.0
1119, 64.0
1120, 58.0
1121, 64.0
1122, 60.0
1123, 64.0
1124, 63.0
1125, 65.0
1126, 62.0
1127, 63.0
1128, 62.0
1129, 65.0
1130, 63.0
1131, 62.0
1132, 63.0
1133, 62.0
1134, 61.0
1135, 60.0
1136, 68.0
1137, 58.0
1138, 59.0
1139, 62.0
1140, 66.0
1141, 64.0
1142, 63.0
1143, 64.0
1144, 64.0
1145, 63.0
1146, 62.0
1147, 58.0
1148, 64.0
1149, 62.0
1150, 59.0
1151, 60.0
1152, 63.0
1153, 61.0
1154, 66.0
1155, 66.0
1156, 63.0
1157, 64.0
1158, 57.0
1159, 62.0
1160, 63.0
1161, 63.0
1162, 65.0
1163, 64.0
1164, 62.0
1165, 62.0
1166, 64.0
1167, 65.0
1168, 59.0
1169, 65.0
1170, 63.0
1171, 58.0
1172, 63.0
1173, 65.0
1174, 60.0
1175, 66.0
1176, 63.0
1177, 61.0
1178, 63.0
1179, 64.0
1180, 65.0
1181, 60.0
1182, 62.0
1183, 60.0
1184, 63.0
1185, 62.0
1186, 62.0
1187, 62.0
1188, 65.0
1189, 58.0
1190, 66.0
1191, 61.0
1192, 60.0
1193, 64.0
1194, 65.0
1195, 62.0
1196, 63.0
1197, 64.0
1198, 66.0
1199, 65.0
1200, 62.0
1201, 66.0
1202, 62.0
1203, 61.0
1204, 57.0
1205, 60.0
1206, 63.0
1207, 62.0
1208, 64.0
1209, 61.0
1210, 65.0
1211, 63.0
1212, 62.0
1213, 64.0
1214, 64.0
1215, 65.0
1216, 65.0
1217, 64.0
1218, 66.0
1219, 64.0
1220, 65.0
1221, 60.0
1222, 61.0
1223, 63.0
1224, 66.0
1225, 62.0
1226, 63.0
1227, 60.0
1228, 60.0
1229, 58.0
1230, 62.0
1231, 58.0
1232, 58.0
1233, 68.0
1234, 64.0
1235, 65.0
1236, 60.0
1237, 65.0
1238, 61.0
1239, 64.0
1240, 64.0
1241, 66.0
1242, 64.0
1243, 58.0
1244, 60.0
1245, 65.0
1246, 60.0
1247, 62.0
1248, 66.0
1249, 58.0
1250, 67.0
1251, 62.0
1252, 66.0
1253, 61.0
1254, 63.0
1255, 63.0
1256, 61.0
1257, 65.0
1258, 61.0
1259, 63.0
1260, 62.0
1261, 66.0
1262, 67.0
1263, 63.0
1264, 63.0
1265, 64.0
1266, 61.0
1267, 62.0
1268, 62.0
1269, 63.0
1270, 61.0
1271, 63.0
1272, 64.0
1273, 62.0
1274, 63.0
1275, 65.0
1276, 58.0
1277, 65.0
1278, 62.0
1279, 63.0
1280, 63.0
1281, 62.0
1282, 58.0
1283, 62.0
1284, 63.0
1285, 64.0
1286, 64.0
1287, 63.0
1288, 60.0
1289, 66.0
1290, 62.0
1291, 62.0
1292, 61.0
1293, 65.0
1294, 68.0
1295, 61.0
1296, 64.0
1297, 63.0
1298, 66.0
1299, 65.0
1300, 66.0
1301, 62.0
1302, 61.0
1303, 63.0
1304, 59.0
1305, 62.0
1306, 60.0
1307, 62.0
1308, 65.0
1309, 66.0
1310, 59.0
1311, 63.0
1312, 61.0
1313, 63.0
1314, 66.0
1315, 60.0
1316, 61.0
1317, 64.0
1318, 65.0
1319, 61.0
1320, 62.0
1321, 61.0
1322, 61.0
1323, 70.0
1324, 63.0
1325, 64.0
1326, 62.0
1327, 66.0
1328, 63.0
1329, 61.0
1330, 65.0
1331, 62.0
1332, 61.0
1333, 63.0
1334, 64.0
1335, 61.0
1336, 64.0
1337, 66.0
1338, 62.0
1339, 63.0
1340, 61.0
1341, 61.0
1342, 65.0
1343, 63.0
1344, 66.0
1345, 62.0
1346, 63.0
1347, 62.0
1348, 60.0
1349, 63.0
1350, 64.0
1351, 63.0
1352, 65.0
1353, 64.0
1354, 68.0
1355, 63.0
1356, 64.0
1357, 66.0
1358, 62.0
1359, 63.0
1360, 65.0
1361, 61.0
1362, 65.0
1363, 63.0
1364, 62.0
1365, 64.0
1366, 58.0
1367, 65.0
1368, 62.0
1369, 62.0
1370, 66.0
1371, 58.0
1372, 64.0
1373, 66.0
1374, 65.0
1375, 61.0
1376, 65.0
1377, 64.0
1378, 60.0
1379, 62.0
1380, 66.0
1381, 63.0
1382, 66.0
1383, 64.0
1384, 66.0
1385, 61.0
1386, 62.0
1387, 65.0
1388, 62.0
1389, 68.0
1390, 62.0
1391, 63.0
1392, 67.0
1393, 63.0
1394, 65.0
1395, 60.0
1396, 62.0
1397, 66.0
1398, 66.0
1399, 63.0
1400, 60.0
1401, 61.0
1402, 61.0
1403, 58.0
1404, 67.0
1405, 64.0
1406, 60.0
1407, 64.0
1408, 64.0
1409, 63.0
1410, 63.0
1411, 64.0
1412, 63.0
1413, 64.0
1414, 64.0
1415, 65.0
1416, 61.0
1417, 64.0
1418, 65.0
1419, 65.0
1420, 63.0
1421, 63.0
1422, 62.0
1423, 64.0
1424, 63.0
1425, 63.0
1426, 65.0
1427, 65.0
1428, 61.0
1429, 64.0
1430, 65.0
1431, 58.0
1432, 65.0
1433, 61.0
1434, 70.0
1435, 66.0
1436, 65.0
1437, 67.0
1438, 63.0
1439, 66.0
1440, 63.0
1441, 64.0
1442, 67.0
1443, 68.0
1444, 66.0
1445, 64.0
1446, 64.0
1447, 63.0
1448, 66.0
1449, 62.0
1450, 69.0
1451, 62.0
1452, 61.0
1453, 70.0
1454, 62.0
1455, 63.0
1456, 65.0
1457, 62.0
1458, 63.0
1459, 65.0
1460, 66.0
1461, 63.0
1462, 62.0
1463, 66.0
1464, 66.0
1465, 63.0
1466, 63.0
1467, 62.0
1468, 69.0
1469, 65.0
1470, 64.0
1471, 60.0
1472, 67.0
1473, 61.0
1474, 64.0
1475, 64.0
1476, 65.0
1477, 62.0
1478, 68.0
1479, 69.0
1480, 64.0
1481, 63.0
1482, 64.0
1483, 64.0
1484, 66.0
1485, 67.0
1486, 68.0
1487, 68.0
1488, 70.0
1489, 64.0
1490, 63.0
1491, 60.0
1492, 62.0
1493, 67.0
1494, 67.0
1495, 66.0
1496, 68.0
1497, 62.0
1498, 68.0
1499, 63.0
1500, 62.0
1501, 67.0
1502, 66.0
1503, 67.0
1504, 63.0
1505, 60.0
1506, 65.0
1507, 65.0
1508, 62.0
1509, 68.0
1510, 66.0
1511, 65.0
1512, 68.0
1513, 65.0
1514, 67.0
1515, 64.0
1516, 68.0
1517, 64.0
1518, 63.0
1519, 68.0
1520, 63.0
1521, 65.0
1522, 68.0
1523, 65.0
1524, 66.0
1525, 65.0
1526, 71.0
1527, 66.0
1528, 66.0
1529, 69.0
1530, 62.0
1531, 65.0
1532, 66.0
1533, 63.0
1534, 68.0
1535, 65.0
1536, 67.0
1537, 65.0
1538, 69.0
1539, 66.0
1540, 66.0
1541, 66.0
1542, 65.0
1543, 63.0
1544, 69.0
1545, 67.0
1546, 65.0
1547, 63.0
1548, 65.0
1549, 64.0
1550, 67.0
1551, 70.0
1552, 66.0
1553, 63.0
1554, 69.0
1555, 69.0
1556, 66.0
1557, 67.0
1558, 63.0
1559, 68.0
1560, 67.0
1561, 63.0
1562, 65.0
1563, 67.0
1564, 67.0
1565, 69.0
1566, 65.0
1567, 67.0
1568, 64.0
1569, 66.0
1570, 74.0
1571, 66.0
1572, 66.0
1573, 65.0
1574, 68.0
1575, 68.0
1576, 71.0
1577, 70.0
1578, 66.0
1579, 71.0
1580, 64.0
1581, 66.0
1582, 70.0
1583, 66.0
1584, 72.0
1585, 63.0
1586, 69.0
1587, 65.0
1588, 65.0
1589, 64.0
1590, 62.0
1591, 64.0
1592, 65.0
1593, 71.0
1594, 70.0
1595, 63.0
1596, 66.0
1597, 66.0
1598, 73.0
1599, 68.0
1600, 68.0
1601, 69.0
1602, 66.0
1603, 67.0
1604, 67.0
1605, 69.0
1606, 68.0
1607, 67.0
1608, 67.0
1609, 68.0
1610, 69.0
1611, 73.0
1612, 69.0
1613, 65.0
1614, 72.0
1615, 67.0
1616, 71.0
1617, 69.0
1618, 71.0
1619, 74.0
1620, 67.0
1621, 70.0
1622, 72.0
1623, 69.0
1624, 66.0
1625, 69.0
1626, 74.0
1627, 69.0
1628, 70.0
1629, 75.0
1630, 67.0
1631, 67.0
1632, 73.0
1633, 70.0
1634, 68.0
1635, 70.0
1636, 67.0
1637, 76.0
1638, 66.0
1639, 72.0
1640, 68.0
1641, 70.0
1642, 70.0
1643, 72.0
1644, 67.0
1645, 69.0
1646, 69.0
1647, 72.0
1648, 72.0
1649, 72.0
1650, 74.0
1651, 69.0
1652, 74.0
1653, 71.0
1654, 73.0
1655, 73.0
1656, 73.0
1657, 72.0
1658, 69.0
1659, 74.0
1660, 74.0
1661, 75.0
1662, 76.0
1663, 69.0
1664, 76.0
1665, 76.0
1666, 74.0
1667, 69.0
1668, 74.0
1669, 77.0
1670, 72.0
1671, 76.0
1672, 72.0
1673, 75.0
1674, 74.0
1675, 71.0
1676, 74.0
1677, 73.0
1678, 74.0
1679, 76.0
1680, 69.0
1681, 77.0
1682, 78.0
1683, 72.0
1684, 76.0
1685, 78.0
1686, 74.0
1687, 72.0
1688, 72.0
1689, 73.0
1690, 76.0
1691, 78.0
1692, 75.0
1693, 77.0
1694, 76.0
1695, 76.0
1696, 76.0
1697, 76.0
1698, 78.0
1699, 76.0
1700, 80.0
1701, 73.0
1702, 82.0
1703, 78.0
1704, 79.0
1705, 79.0
1706, 79.0
1707, 82.0
1708, 78.0
1709, 81.0
1710, 78.0
1711, 77.0
1712, 77.0
1713, 81.0
1714, 84.0
1715, 81.0
1716, 82.0
1717, 83.0
1718, 79.0
1719, 80.0
1720, 85.0
1721, 80.0
1722, 79.0
1723, 79.0
1724, 81.0
1725, 81.0
1726, 86.0
1727, 86.0
1728, 83.0
1729, 83.0
1730, 82.0
1731, 83.0
1732, 88.0
1733, 85.0
1734, 85.0
1735, 84.0
1736, 87.0
1737, 88.0
1738, 88.0
1739, 84.0
1740, 81.0
1741, 87.0
1742, 88.0
1743, 90.0
1744, 86.0
1745, 90.0
1746, 89.0
1747, 91.0
1748, 91.0
1749, 92.0
1750, 87.0
1751, 92.0
1752, 89.0
1753, 89.0
1754, 92.0
1755, 88.0
1756, 87.0
1757, 96.0
1758, 87.0
1759, 89.0
1760, 85.0
1761, 88.0
1762, 85.0
1763, 85.0
1764, 90.0
1765, 83.0
1766, 91.0
1767, 92.0
1768, 84.0
1769, 91.0
1770, 96.0
1771,100.0
1772, 97.0
1773,101.0
1774,100.0
1775,100.0
1776, 96.0
1777, 99.0
1778, 96.0
1779,103.0
1780,106.0
1781,105.0
1782,105.0
1783,104.0
1784,108.0
1785,108.0
1786,106.0
1787,103.0
1788,105.0
1789,107.0
1790,111.0
1791,109.0
1792,112.0
1793,108.0
1794,114.0
1795,110.0
1796,111.0
1797,110.0
1798,118.0
1799,119.0
1800,113.0
1801,113.0
1802,113.0
1803,117.0
1804,116.0
1805,116.0
1806,115.0
1807,120.0
1808,122.0
1809,115.0
1810,122.0
1811,119.0
1812,121.0
1813,122.0
1814,123.0
1815,125.0
1816,122.0
1817,126.0
1818,127.0
1819,126.0
1820,124.0
1821,126.0
1822,129.0
1823,132.0
1824,129.0
1825,132.0
1826,126.0
1827,134.0
1828,127.0
1829,137.0
1830,137.0
1831,138.0
1832,138.0
1833,133.0
1834,142.0
1835,139.0
1836,136.0
1837,141.0
1838,138.0
1839,144.0
1840,142.0
1841,146.0
1842,142.0
1843,144.0
1844,142.0
1845,143.0
1846,148.0
1847,141.0
1848,149.0
1849,146.0
1850,145.0
1851,153.0
1852,155.0
1853,158.0
1854,160.0
1855,153.0
1856,161.0
1857,164.0
1858,159.0
1859,165.0
1860,166.0
1861,160.0
1862,165.0
1863,169.0
1864,170.0
1865,173.0
1866,174.0
1867,176.0
1868,171.0
1869,182.0
1870,171.0
1871,174.0
1872,170.0
1873,174.0
1874,175.0
1875,184.0
1876,180.0
1877,176.0
1878,181.0
1879,179.0
1880,184.0
1881,186.0
1882,184.0
1883,186.0
1884,193.0
1885,191.0
1886,194.0
1887,191.0
1888,201.0
1889,189.0
1890,199.0
1891,198.0
1892,197.0
1893,201.0
1894,198.0
1895,202.0
1896,203.0
1897,197.0
1898,201.0
1899,201.0
1900,200.0
1901,204.0
1902,209.0
1903,209.0
1904,208.0
1905,202.0
1906,204.0
1907,209.0
1908,215.0
1909,210.0
1910,214.0
1911,207.0
1912,214.0
1913,206.0
1914,216.0
1915,201.0
1916,207.0
1917,206.0
1918,205.0
1919,213.0
1920,200.0
1921,206.0
1922,209.0
1923,215.0
1924,222.0
1925,219.0
1926,226.0
1927,219.0
1928,227.0
1929,225.0
1930,218.0
1931,217.0
1932,226.0
1933,221.0
1934,222.0
1935,216.0
1936,235.0
1937,222.0
1938,224.0
1939,227.0
1940,221.0
1941,221.0
1942,235.0
1943,227.0
1944,225.0
1945,221.0
1946,226.0
1947,226.0
1948,226.0
1949,229.0
1950,217.0
1951,221.0
1952,223.0
1953,221.0
1954,220.0
1955,229.0
1956,229.0
1957,222.0
1958,230.0
1959,219.0
1960,219.0
1961,225.0
1962,223.0
1963,224.0
1964,223.0
1965,226.0
1966,219.0
1967,227.0
1968,225.0
1969,212.0
1970,219.0
1971,212.0
1972,213.0
1973,220.0
1974,212.0
1975,215.0
1976,214.0
1977,214.0
1978,215.0
1979,212.0
1980,211.0
1981,205.0
1982,204.0
1983,207.0
1984,202.0
1985,203.0
1986,200.0
1987,206.0
1988,200.0
1989,202.0
1990,199.0
1991,196.0
1992,194.0
1993,195.0
1994,192.0
1995,199.0
1996,194.0
1997,189.0
1998,195.0
1999,192.0
2000,194.0
2001,188.0
2002,190.0
2003,191.0
2004,191.0
2005,192.0
2006,186.0
2007,184.0
2008,183.0
2009,188.0
2010,188.0
2011,180.0
2012,178.0
2013,182.0
2014,181.0
2015,174.0
2016,180.0
2017,174.0
2018,180.0
2019,178.0
2020,175.0
2021,175.0
2022,172.0
2023,165.0
2024,164.0
2025,160.0
2026,170.0
2027,167.0
2028,166.0
2029,169.0
2030,160.0
2031,169.0
2032,168.0
2033,166.0
2034,159.0
2035,155.0
2036,146.0
2037,135.0
2038,138.0
2039,135.0
2040,132.0
2041,127.0
2042,136.0
2043,146.0
2044,147.0
2045,149.0
2046,158.0
2047,156.0
2048,148.0
2049,149.0
2050,154.0
2051,149.0
2052,146.0
2053,141.0
2054,144.0
2055,143.0
2056,140.0
2057,144.0
2058,140.0
2059,142.0
2060,137.0
2061,133.0
2062,141.0
2063,139.0
2064,135.0
2065,131.0
2066,132.0
2067,140.0
2068,134.0
2069,128.0
2070,131.0
2071,134.0
2072,131.0
2073,133.0
2074,135.0
2075,127.0
2076,129.0
2077,130.0
2078,119.0
2079,122.0
2080,123.0
2081,123.0
2082,126.0
2083,120.0
2084,123.0
2085,122.0
2086,114.0
2087,115.0
2088,119.0
2089,119.0
2090,119.0
2091,118.0
2092,114.0
2093,112.0
2094,117.0
2095,116.0
2096,111.0
2097,110.0
2098,111.0
2099,112.0
2100,107.0
2101,110.0
2102,108.0
2103,110.0
2104,110.0
2105,109.0
2106,114.0
2107,104.0
2108,104.0
2109,103.0
2110,105.0
2111,107.0
2112,102.0
2113,106.0
2114,102.0
2115,101.0
2116,102.0
2117,108.0
2118, 98.0
2119,102.0
2120,108.0
2121, 97.0
2122,106.0
2123,102.0
2124,101.0
2125,102.0
2126,102.0
2127, 99.0
2128,103.0
2129,101.0
2130, 97.0
2131, 98.0
2132, 99.0
2133, 96.0
2134, 94.0
2135, 96.0
2136, 96.0
2137, 98.0
2138, 97.0
2139, 95.0
2140,100.0
2141, 93.0
2142, 91.0
2143, 94.0
2144, 95.0
2145, 98.0
2146, 97.0
2147, 87.0
2148, 95.0
2149, 95.0
2150, 94.0
2151, 92.0
2152, 92.0
2153, 95.0
2154, 91.0
2155, 95.0
2156, 89.0
2157, 94.0
2158, 92.0
2159, 89.0
2160, 92.0
2161, 88.0
2162, 92.0
2163, 87.0
2164, 89.0
2165, 90.0
2166, 88.0
2167, 80.0
2168, 87.0
2169, 86.0
2170, 80.0
2171, 85.0
2172, 89.0
2173, 84.0
2174, 86.0
2175, 82.0
2176, 85.0
2177, 82.0
2178, 89.0
2179, 87.0
2180, 89.0
2181, 90.0
2182, 89.0
2183, 87.0
2184, 82.0
2185, 86.0
2186, 83.0
2187, 91.0
2188, 90.0
2189, 82.0
2190, 86.0
2191, 85.0
2192, 82.0
2193, 76.0
2194, 81.0
2195, 81.0
2196, 80.0
2197, 85.0
2198, 76.0
2199, 89.0
2200, 81.0
2201, 84.0
2202, 86.0
2203, 83.0
2204, 82.0
2205, 80.0
2206, 82.0
2207, 80.0
2208, 83.0
2209, 82.0
2210, 80.0
2211, 82.0
2212, 78.0
2213, 78.0
2214, 80.0
2215, 79.0
2216, 80.0
2217, 82.0
2218, 79.0
2219, 78.0
2220, 79.0
2221, 80.0
2222, 76.0
2223, 77.0
2224, 80.0
2225, 73.0
2226, 79.0
2227, 79.0
2228, 78.0
2229, 77.0
2230, 81.0
2231, 79.0
2232, 78.0
2233, 77.0
2234, 75.0
2235, 74.0
2236, 74.0
2237, 80.0
2238, 77.0
2239, 74.0
2240, 80.0
2241, 82.0
2242, 78.0
2243, 74.0
2244, 78.0
2245, 76.0
2246, 75.0
2247, 77.0
2248, 77.0
2249, 78.0
2250, 77.0
2251, 72.0
2252, 82.0
2253, 79.0
2254, 77.0
2255, 74.0
2256, 75.0
2257, 74.0
2258, 69.0
2259, 74.0
2260, 78.0
2261, 79.0
2262, 79.0
2263, 73.0
2264, 75.0
2265, 76.0
2266, 74.0
2267, 75.0
2268, 76.0
2269, 73.0
2270, 81.0
2271, 75.0
2272, 78.0
2273, 78.0
2274, 72.0
2275, 73.0
2276, 72.0
2277, 72.0
2278, 73.0
2279, 72.0
2280, 73.0
2281, 76.0
2282, 81.0
2283, 74.0
2284, 72.0
2285, 69.0
2286, 78.0
2287, 77.0
2288, 72.0
2289, 74.0
2290, 72.0
2291, 69.0
2292, 72.0
2293, 75.0
2294, 76.0
2295, 70.0
2296, 68.0
2297, 68.0
2298, 72.0
2299, 71.0
2300, 70.0
2301, 73.0
2302, 75.0
2303, 70.0
2304, 75.0
2305, 74.0
2306, 78.0
2307, 66.0
2308, 76.0
2309, 71.0
2310, 68.0
2311, 71.0
2312, 69.0
2313, 75.0
2314, 71.0
2315, 68.0
2316, 73.0
2317, 72.0
2318, 69.0
2319, 72.0
2320, 71.0
2321, 71.0
2322, 76.0
2323, 72.0
2324, 70.0
2325, 71.0
2326, 62.0
2327, 67.0
2328, 71.0
2329, 71.0
2330, 67.0
2331, 69.0
2332, 69.0
2333, 71.0
2334, 71.0
2335, 72.0
2336, 69.0
2337, 65.0
2338, 70.0
2339, 69.0
2340, 69.0
2341, 73.0
2342, 71.0
2343, 70.0
2344, 69.0
2345, 68.0
2346, 69.0
2347, 69.0
2348, 68.0
2349, 70.0
2350, 72.0
2351, 70.0
2352, 71.0
2353, 69.0
2354, 72.0
2355, 68.0
2356, 72.0
2357, 72.0
2358, 69.0
2359, 67.0
2360, 70.0
2361, 71.0
2362, 67.0
2363, 71.0
2364, 72.0
2365, 68.0
2366, 68.0
2367, 73.0
2368, 69.0
2369, 66.0
2370, 68.0
2371, 67.0
2372, 75.0
2373, 68.0
2374, 69.0
2375, 70.0
2376, 67.0
2377, 69.0
2378, 72.0
2379, 69.0
2380, 69.0
2381, 69.0
2382, 64.0
2383, 69.0
2384, 68.0
2385, 67.0
2386, 70.0
2387, 71.0
2388, 65.0
2389, 69.0
2390, 68.0
2391, 69.0
2392, 70.0
2393, 63.0
2394, 64.0
2395, 69.0
2396, 68.0
2397, 72.0
2398, 63.0
2399, 69.0
2400, 70.0
2401, 74.0
2402, 65.0
2403, 68.0
2404, 66.0
2405, 70.0
2406, 69.0
2407, 67.0
2408, 71.0
2409, 67.0
2410, 71.0
2411, 69.0
2412, 68.0
2413, 66.0
2414, 69.0
2415, 67.0
2416, 68.0
2417, 64.0
2418, 68.0
2419, 66.0
2420, 66.0
2421, 71.0
2422, 70.0
2423, 66.0
2424, 65.0
2425, 68.0
2426, 66.0
2427, 68.0
2428, 64.0
2429, 69.0
2430, 65.0
2431, 64.0
2432, 68.0
2433, 66.0
2434, 64.0
2435, 67.0
2436, 69.0
2437, 69.0
2438, 66.0
2439, 65.0
2440, 67.0
2441, 68.0
2442, 65.0
2443, 67.0
2444, 68.0
2445, 65.0
2446, 69.0
2447, 70.0
2448, 69.0
2449, 65.0
2450, 66.0
2451, 68.0
2452, 65.0
2453, 63.0
2454, 66.0
2455, 68.0
2456, 65.0
2457, 68.0
2458, 65.0
2459, 69.0
2460, 67.0
2461, 66.0
2462, 66.0
2463, 71.0
2464, 73.0
2465, 66.0
2466, 68.0
2467, 65.0
2468, 70.0
2469, 67.0
2470, 66.0
2471, 67.0
2472, 69.0
2473, 63.0
2474, 67.0
2475, 64.0
2476, 63.0
2477, 70.0
2478, 67.0
2479, 68.0
2480, 68.0
2481, 61.0
2482, 68.0
2483, 62.0
2484, 69.0
2485, 68.0
2486, 68.0
2487, 65.0
2488, 67.0
2489, 68.0
2490, 64.0
2491, 63.0
2492, 64.0
2493, 66.0
2494, 68.0
2495, 63.0
2496, 64.0
2497, 66.0
2498, 63.0
2499, 67.0
2500, 63.0
2501, 65.0
2502, 64.0
2503, 65.0
2504, 68.0
2505, 66.0
2506, 64.0
2507, 61.0
2508, 68.0
2509, 64.0
2510, 65.0
2511, 65.0
2512, 64.0
2513, 66.0
2514, 67.0
2515, 64.0
2516, 67.0
2517, 66.0
2518, 68.0
2519, 68.0
2520, 66.0
2521, 64.0
2522, 65.0
2523, 65.0
2524, 68.0
2525, 64.0
2526, 66.0
2527, 68.0
2528, 62.0
2529, 65.0
2530, 64.0
2531, 63.0
2532, 63.0
2533, 68.0
2534, 66.0
2535, 64.0
2536, 64.0
2537, 68.0
2538, 68.0
2539, 61.0
2540, 64.0
2541, 64.0
2542, 68.0
2543, 66.0
2544, 63.0
2545, 63.0
2546, 66.0
2547, 68.0
2548, 67.0
2549, 63.0
2550, 67.0
2551, 67.0
2552, 63.0
2553, 67.0
2554, 70.0
2555, 67.0
2556, 64.0
2557, 66.0
2558, 66.0
2559, 65.0
2560, 69.0
2561, 63.0
2562, 64.0
2563, 64.0
2564, 65.0
2565, 65.0
2566, 67.0
2567, 66.0
2568, 61.0
2569, 62.0
2570, 64.0
2571, 63.0
2572, 65.0
2573, 63.0
2574, 71.0
2575, 67.0
2576, 65.0
2577, 66.0
2578, 64.0
2579, 63.0
2580, 62.0
2581, 61.0
2582, 65.0
2583, 64.0
2584, 65.0
2585, 64.0
2586, 66.0
2587, 63.0
2588, 65.0
2589, 63.0
2590, 64.0
2591, 69.0
2592, 63.0
2593, 66.0
2594, 61.0
2595, 64.0
2596, 69.0
2597, 62.0
2598, 63.0
2599, 65.0
2600, 62.0
2601, 62.0
2602, 61.0
2603, 61.0
2604, 64.0
2605, 64.0
2606, 64.0
2607, 69.0
2608, 65.0
2609, 66.0
2610, 64.0
2611, 63.0
2612, 66.0
2613, 68.0
2614, 60.0
2615, 64.0
2616, 62.0
2617, 67.0
2618, 64.0
2619, 65.0
2620, 64.0
2621, 59.0
2622, 64.0
2623, 66.0
2624, 61.0
2625, 64.0
2626, 65.0
2627, 65.0
2628, 68.0
2629, 65.0
2630, 66.0
2631, 63.0
2632, 65.0
2633, 66.0
2634, 65.0
2635, 59.0
2636, 63.0
2637, 61.0
2638, 62.0
2639, 62.0
2640, 67.0
2641, 63.0
2642, 64.0
2643, 67.0
2644, 62.0
2645, 65.0
2646, 62.0
2647, 66.0
2648, 64.0
2649, 63.0
2650, 68.0
2651, 64.0
2652, 62.0
2653, 62.0
2654, 64.0
2655, 63.0
2656, 57.0
2657, 65.0
2658, 67.0
2659, 63.0
2660, 66.0
2661, 63.0
2662, 62.0
2663, 67.0
2664, 63.0
2665, 65.0
2666, 68.0
2667, 65.0
2668, 65.0
2669, 66.0
2670, 66.0
2671, 68.0
2672, 59.0
2673, 63.0
2674, 69.0
2675, 63.0
2676, 62.0
2677, 63.0
2678, 68.0
2679, 62.0
2680, 64.0
2681, 64.0
2682, 61.0
2683, 63.0
2684, 64.0
2685, 62.0
2686, 63.0
2687, 63.0
2688, 64.0
2689, 61.0
2690, 65.0
2691, 63.0
2692, 63.0
2693, 66.0
2694, 64.0
2695, 63.0
2696, 65.0
2697, 63.0
2698, 66.0
2699, 65.0
2700, 60.0
2701, 65.0
2702, 64.0
2703, 65.0
2704, 63.0
2705, 66.0
2706, 62.0
2707, 62.0
2708, 66.0
2709, 64.0
2710, 66.0
2711, 64.0
2712, 62.0
2713, 65.0
2714, 66.0
2715, 60.0
2716, 60.0
2717, 61.0
2718, 65.0
2719, 63.0
2720, 63.0
2721, 63.0
2722, 68.0
2723, 62.0
2724, 65.0
2725, 63.0
2726, 63.0
2727, 62.0
2728, 63.0
2729, 66.0
2730, 63.0
2731, 62.0
2732, 63.0
2733, 65.0
2734, 62.0
2735, 66.0
2736, 62.0
2737, 63.0
2738, 62.0
2739, 65.0
2740, 65.0
2741, 61.0
2742, 66.0
2743, 64.0
2744, 60.0
2745, 63.0
2746, 64.0
2747, 59.0
2748, 61.0
2749, 60.0
2750, 60.0
2751, 61.0
2752, 63.0
2753, 64.0
2754, 67.0
2755, 66.0
2756, 64.0
2757, 63.0
2758, 65.0
2759, 65.0
2760, 60.0
2761, 65.0
2762, 57.0
2763, 65.0
2764, 58.0
2765, 65.0
2766, 63.0
2767, 58.0
2768, 64.0
2769, 61.0
2770, 59.0
2771, 62.0
2772, 63.0
2773, 64.0
2774, 66.0
2775, 61.0
2776, 62.0
2777, 67.0
2778, 66.0
2779, 66.0
2780, 61.0
2781, 61.0
2782, 61.0
2783, 64.0
2784, 66.0
2785, 63.0
2786, 61.0
2787, 62.0
2788, 63.0
2789, 61.0
2790, 62.0
2791, 63.0
2792, 63.0
2793, 58.0
2794, 65.0
2795, 60.0
2796, 60.0
2797, 61.0
2798, 62.0
2799, 62.0
2800, 61.0
2801, 62.0
2802, 62.0
2803, 63.0
2804, 62.0
2805, 62.0
2806, 66.0
2807, 62.0
2808, 64.0
2809, 64.0
2810, 65.0
2811, 60.0
2812, 63.0
2813, 65.0
2814, 65.0
2815, 62.0
2816, 62.0
2817, 63.0
2818, 61.0
2819, 67.0
2820, 62.0
2821, 62.0
2822, 58.0
2823, 66.0
2824, 61.0
2825, 67.0
2826, 64.0
2827, 64.0
2828, 67.0
2829, 68.0
2830, 63.0
2831, 59.0
2832, 62.0
2833, 60.0
2834, 62.0
2835, 62.0
2836, 62.0
2837, 61.0
2838, 62.0
2839, 59.0
2840, 63.0
2841, 59.0
2842, 63.0
2843, 65.0
2844, 63.0
2845, 62.0
2846, 62.0
2847, 67.0
2848, 66.0
2849, 62.0
2850, 65.0
2851, 62.0
2852, 65.0
2853, 60.0
2854, 62.0
2855, 62.0
2856, 66.0
2857, 59.0
2858, 63.0
2859, 62.0
2860, 63.0
2861, 60.0
2862, 62.0
2863, 61.0
2864, 62.0
2865, 61.0
2866, 60.0
2867, 64.0
2868, 62.0
2869, 65.0
2870, 62.0
2871, 64.0
2872, 62.0
2873, 63.0
2874, 63.0
2875, 60.0
2876, 63.0
2877, 65.0
2878, 66.0
2879, 64.0
2880, 63.0
2881, 60.0
2882, 64.0
2883, 62.0
2884, 63.0
2885, 60.0
2886, 63.0
2887, 60.0
2888, 61.0
2889, 60.0
2890, 63.0
2891, 60.0
2892, 65.0
2893, 65.0
2894, 62.0
2895, 60.0
2896, 65.0
2897, 59.0
2898, 62.0
2899, 65.0
2900, 67.0
2901, 62.0
2902, 63.0
2903, 63.0
2904, 61.0
2905, 63.0
2906, 64.0
2907, 64.0
2908, 63.0
2909, 61.0
2910, 61.0
2911, 62.0
2912, 67.0
2913, 56.0
2914, 61.0
2915, 64.0
2916, 60.0
2917, 66.0
2918, 62.0
2919, 57.0
2920, 62.0
2921, 65.0
2922, 66.0
2923, 63.0
2924, 61.0
2925, 64.0
2926, 63.0
2927, 62.0
2928, 65.0
2929, 60.0
2930, 63.0
2931, 60.0
2932, 66.0
2933, 60.0
2934, 63.0
2935, 60.0
2936, 64.0
2937, 63.0
2938, 65.0
2939, 63.0
2940, 61.0
2941, 64.0
2942, 60.0
2943, 59.0
2944, 66.0
2945, 66.0
2946, 58.0
2947, 63.0
2948, 62.0
2949, 63.0
2950, 63.0
2951, 64.0
2952, 60.0
2953, 63.0
2954, 64.0
2955, 64.0
2956, 59.0
2957, 63.0
2958, 65.0
2959, 60.0
2960, 64.0
2961, 62.0
2962, 61.0
2963, 65.0
2964, 64.0
2965, 60.0
2966, 58.0
2967, 59.0
2968, 66.0
2969, 63.0
2970, 62.0
2971, 64.0
2972, 60.0
2973, 64.0
2974, 60.0
2975, 63.0
2976, 64.0
2977, 62.0
2978, 58.0
2979, 58.0
2980, 60.0
2981, 59.0
2982, 62.0
2983, 62.0
2984, 62.0
2985, 61.0
2986, 62.0
2987, 65.0
2988, 64.0
2989, 67.0
2990, 63.0
2991, 64.0
2992, 63.0
2993, 64.0
2994, 62.0
2995, 58.0
2996, 62.0
2997, 64.0
2998, 64.0
2999, 64.0
3000, 62.0
3001, 60.0
3002, 62.0
3003, 58.0
3004, 61.0
3005, 56.0
3006, 62.0
3007, 64.0
3008, 66.0
3009, 62.0
3010, 63.0
3011, 64.0
3012, 61.0
3013, 61.0
3014, 63.0
3015, 65.0
3016, 62.0
3017, 60.0
3018, 63.0
3019, 64.0
3020, 65.0
3021, 62.0
3022, 62.0
3023, 67.0
3024, 63.0
3025, 64.0
3026, 62.0
3027, 66.0
3028, 62.0
3029, 62.0
3030, 64.0
3031, 69.0
3032, 63.0
3033, 58.0
3034, 60.0
3035, 63.0
3036, 64.0
3037, 61.0
3038, 63.0
3039, 61.0
3040, 66.0
3041, 64.0
3042, 62.0
3043, 59.0
3044, 60.0
3045, 59.0
3046, 65.0
3047, 58.0
3048, 62.0
3049, 63.0
3050, 62.0
3051, 63.0
3052, 64.0
3053, 64.0
3054, 62.0
3055, 66.0
3056, 62.0
3057, 61.0
3058, 63.0
3059, 64.0
3060, 61.0
3061, 59.0
3062, 62.0
3063, 58.0
3064, 61.0
3065, 64.0
3066, 63.0
3067, 64.0
3068, 57.0
3069, 65.0
3070, 62.0
3071, 62.0
3072, 63.0
3073, 59.0
3074, 63.0
3075, 60.0
3076, 63.0
3077, 64.0
3078, 57.0
3079, 62.0
3080, 58.0
3081, 61.0
3082, 65.0
3083, 62.0
3084, 62.0
3085, 65.0
3086, 64.0
3087, 61.0
3088, 62.0
3089, 60.0
3090, 63.0
3091, 64.0
3092, 61.0
3093, 66.0
3094, 62.0
3095, 64.0
3096, 67.0
3097, 63.0
3098, 64.0
3099, 58.0
3100, 65.0
3101, 64.0
3102, 63.0
3103, 60.0
3104, 60.0
3105, 62.0
3106, 60.0
3107, 65.0
3108, 63.0
3109, 63.0
3110, 63.0
3111, 63.0
3112, 63.0
3113, 62.0
3114, 62.0
3115, 63.0
3116, 66.0
3117, 63.0
3118, 65.0
3119, 55.0
3120, 62.0
3121, 63.0
3122, 62.0
3123, 64.0
3124, 64.0
3125, 63.0
3126, 61.0
3127, 59.0
3128, 64.0
3129, 63.0
3130, 59.0
3131, 65.0
3132, 62.0
3133, 63.0
3134, 60.0
3135, 63.0
3136, 64.0
3137, 59.0
3138, 64.0
3139, 60.0
3140, 62.0
3141, 62.0
3142, 63.0
3143, 63.0
3144, 66.0
3145, 62.0
3146, 63.0
3147, 64.0
3148, 63.0
3149, 64.0
3150, 62.0
3151, 64.0
3152, 67.0
3153, 61.0
3154, 63.0
3155, 60.0
3156, 62.0
3157, 60.0
3158, 59.0
3159, 59.0
3160, 62.0
3161, 65.0
3162, 60.0
3163, 65.0
3164, 62.0
3165, 62.0
3166, 62.0
3167, 63.0
3168, 62.0
3169, 62.0
3170, 66.0
3171, 61.0
3172, 64.0
3173, 61.0
3174, 60.0
3175, 61.0
3176, 63.0
3177, 59.0
3178, 64.0
3179, 64.0
3180, 60.0
3181, 64.0
3182, 61.0
3183, 61.0
3184, 61.0
3185, 61.0
3186, 63.0
3187, 63.0
3188, 62.0
3189, 59.0
3190, 60.0
3191, 61.0
3192, 62.0
3193, 57.0
3194, 59.0
3195, 63.0
3196, 61.0
3197, 59.0
3198, 59.0
3199, 61.0
3200, 62.0
3201, 60.0
3202, 60.0
3203, 64.0
3204, 66.0
3205, 62.0
3206, 65.0
3207, 58.0
3208, 61.0
3209, 65.0
3210, 62.0
3211, 64.0
3212, 64.0
3213, 61.0
3214, 64.0
3215, 64.0
3216, 60.0
3217, 63.0
3218, 63.0
3219, 61.0
3220, 65.0
3221, 63.0
3222, 60.0
3223, 61.0
3224, 57.0
3225, 66.0
3226, 64.0
3227, 62.0
3228, 66.0
3229, 63.0
3230, 60.0
3231, 63.0
3232, 62.0
3233, 58.0
3234, 63.0
3235, 62.0
3236, 60.0
3237, 63.0
3238, 64.0
3239, 63.0
3240, 62.0
3241, 66.0
3242, 64.0
3243, 64.0
3244, 58.0
3245, 61.0
3246, 69.0
3247, 62.0
3248, 66.0
3249, 61.0
3250, 59.0
3251, 61.0
3252, 65.0
3253, 65.0
3254, 61.0
3255, 57.0
3256, 63.0
3257, 62.0
3258, 65.0
3259, 66.0
3260, 60.0
3261, 58.0
3262, 66.0
3263, 61.0
3264, 63.0
3265, 60.0
3266, 62.0
3267, 60.0
3268, 63.0
3269, 64.0
3270, 60.0
3271, 60.0
3272, 62.0
3273, 64.0
3274, 62.0
3275, 62.0
3276, 61.0
3277, 60.0
3278, 61.0
3279, 57.0
3280, 63.0
3281, 65.0
3282, 62.0
3283, 63.0
3284, 64.0
3285, 60.0
3286, 64.0
3287, 57.0
3288, 61.0
3289, 62.0
3290, 61.0
3291, 62.0
3292, 66.0
3293, 63.0
3294, 62.0
3295, 62.0
3296, 62.0
3297, 64.0
3298, 59.0
3299, 62.0
3300, 60.0
3301, 62.0
3302, 62.0
3303, 62.0
3304, 62.0
3305, 59.0
3306, 62.0
3307, 63.0
3308, 62.0
3309, 66.0
3310, 64.0
3311, 59.0
3312, 64.0
3313, 66.0
3314, 63.0
3315, 61.0
3316, 65.0
3317, 63.0
3318, 62.0
3319, 60.0
3320, 62.0
3321, 64.0
3322, 68.0
3323, 59.0
3324, 60.0
3325, 60.0
3326, 65.0
3327, 61.0
3328, 64.0
3329, 63.0
3330, 63.0
3331, 61.0
3332, 64.0
3333, 60.0
3334, 64.0
3335, 63.0
3336, 63.0
3337, 65.0
3338, 63.0
3339, 57.0
3340, 62.0
3341, 66.0
3342, 60.0
3343, 67.0
3344, 64.0
3345, 62.0
3346, 62.0
3347, 62.0
3348, 59.0
3349, 62.0
3350, 58.0
3351, 62.0
3352, 63.0
3353, 64.0
3354, 63.0
3355, 62.0
3356, 66.0
3357, 61.0
3358, 66.0
3359, 62.0
3360, 60.0
3361, 63.0
3362, 61.0
3363, 58.0
3364, 66.0
3365, 63.0
3366, 64.0
3367, 62.0
3368, 65.0
3369, 63.0
3370, 61.0
3371, 61.0
3372, 64.0
3373, 63.0
3374, 58.0
3375, 56.0
3376, 60.0
3377, 60.0
3378, 65.0
3379, 63.0
3380, 65.0
3381, 69.0
3382, 62.0
3383, 61.0
3384, 63.0
3385, 63.0
3386, 64.0
3387, 65.0
3388, 64.0
3389, 63.0
3390, 62.0
3391, 66.0
3392, 59.0
3393, 63.0
3394, 65.0
3395, 66.0
3396, 61.0
3397, 56.0
3398, 69.0
3399, 62.0
3400, 62.0
3401, 59.0
3402, 61.0
3403, 64.0
3404, 62.0
3405, 63.0
3406, 66.0
3407, 63.0
3408, 64.0
3409, 62.0
3410, 64.0
3411, 64.0
3412, 60.0
3413, 62.0
3414, 61.0
3415, 61.0
3416, 63.0
3417, 62.0
3418, 62.0
3419, 63.0
3420, 65.0
3421, 62.0
3422, 62.0
3423, 59.0
3424, 63.0
3425, 65.0
3426, 65.0
3427, 63.0
3428, 60.0
3429, 65.0
3430, 64.0
3431, 63.0
3432, 64.0
3433, 63.0
3434, 63.0
3435, 63.0
3436, 62.0
3437, 63.0
3438, 61.0
3439, 64.0
3440, 65.0
3441, 64.0
3442, 63.0
3443, 62.0
3444, 63.0
3445, 64.0
3446, 64.0
3447, 64.0
3448, 60.0
3449, 61.0
3450, 64.0
3451, 56.0
3452, 64.0
3453, 59.0
3454, 60.0
3455, 65.0
3456, 60.0
3457, 62.0
3458, 61.0
3459, 60.0
3460, 61.0
3461, 64.0
3462, 57.0
3463, 62.0
3464, 62.0
3465, 60.0
3466, 59.0
3467, 59.0
3468, 65.0
3469, 63.0
3470, 61.0
3471, 65.0
3472, 56.0
3473, 64.0
3474, 63.0
3475, 60.0
3476, 59.0
3477, 63.0
3478, 66.0
3479, 64.0
3480, 60.0
3481, 62.0
3482, 65.0
3483, 68.0
3484, 63.0
3485, 64.0
3486, 67.0
3487, 58.0
3488, 63.0
3489, 64.0
3490, 68.0
3491, 58.0
3492, 61.0
3493, 58.0
3494, 63.0
3495, 66.0
3496, 59.0
3497, 62.0
3498, 64.0
3499, 62.0
3500, 62.0
3501, 60.0
3502, 64.0
3503, 66.0
3504, 60.0
3505, 63.0
3506, 63.0
3507, 62.0
3508, 65.0
3509, 57.0
3510, 62.0
3511, 60.0
3512, 64.0
3513, 64.0
3514, 62.0
3515, 62.0
3516, 66.0
3517, 61.0
3518, 65.0
3519, 66.0
3520, 64.0
3521, 63.0
3522, 66.0
3523, 64.0
3524, 56.0
3525, 60.0
3526, 63.0
3527, 64.0
3528, 63.0
3529, 66.0
3530, 63.0
3531, 62.0
3532, 63.0
3533, 64.0
3534, 64.0
3535, 63.0
3536, 61.0
3537, 64.0
3538, 55.0
3539, 63.0
3540, 65.0
3541, 61.0
3542, 60.0
3543, 60.0
3544, 60.0
3545, 57.0
3546, 59.0
3547, 63.0
3548, 61.0
3549, 63.0
3550, 63.0
3551, 56.0
3552, 66.0
3553, 63.0
3554, 62.0
3555, 66.0
3556, 62.0
3557, 61.0
3558, 61.0
3559, 60.0
3560, 61.0
3561, 61.0
3562, 64.0
3563, 62.0
3564, 63.0
3565, 64.0
3566, 62.0
3567, 66.0
3568, 67.0
3569, 64.0
3570, 62.0
3571, 64.0
3572, 61.0
3573, 61.0
3574, 61.0
3575, 59.0
3576, 64.0
3577, 63.0
3578, 67.0
3579, 64.0
3580, 64.0
3581, 63.0
3582, 64.0
3583, 65.0
3584, 58.0
3585, 65.0
3586, 63.0
3587, 60.0
3588, 60.0
3589, 60.0
3590, 63.0
3591, 62.0
3592, 59.0
3593, 61.0
3594, 62.0
3595, 62.0
3596, 64.0
3597, 68.0
3598, 61.0
3599, 65.0
3600, 64.0
3601, 67.0
3602, 63.0
3603, 58.0
3604, 63.0
3605, 64.0
3606, 62.0
3607, 63.0
3608, 64.0
3609, 64.0
3610, 61.0
3611, 65.0
3612, 65.0
3613, 62.0
3614, 63.0
3615, 61.0
3616, 62.0
3617, 61.0
3618, 64.0
3619, 62.0
3620, 64.0
3621, 63.0
3622, 66.0
3623, 63.0
3624, 68.0
3625, 61.0
3626, 63.0
3627, 63.0
3628, 63.0
3629, 66.0
3630, 60.0
3631, 62.0
3632, 61.0
3633, 60.0
3634, 65.0
3635, 62.0
3636, 63.0
3637, 60.0
3638, 65.0
3639, 60.0
3640, 62.0
3641, 62.0
3642, 64.0
3643, 62.0
3644, 65.0
3645, 63.0
3646, 63.0
3647,  1.0

