Single
3648
Scan 0,   
0, 71.0
1, 62.0
2, 65.0
3, 64.0
4, 68.0
5, 65.0
6, 66.0
7, 64.0
8, 68.0
9, 58.0
10, 66.0
11, 69.0
12, 61.0
13, 65.0
14, 64.0
15, 61.0
16, 66.0
17, 61.0
18, 66.0
19, 66.0
20, 65.0
21, 60.0
22, 68.0
23, 66.0
24, 67.0
25, 64.0
26, 63.0
27, 64.0
28, 63.0
29, 61.0
30, 64.0
31, 61.0
32, 64.0
33, 66.0
34, 61.0
35, 63.0
36, 66.0
37, 64.0
38, 68.0
39, 63.0
40, 66.0
41, 62.0
42, 63.0
43, 66.0
44, 65.0
45, 67.0
46, 66.0
47, 67.0
48, 65.0
49, 68.0
50, 65.0
51, 63.0
52, 64.0
53, 61.0
54, 66.0
55, 60.0
56, 62.0
57, 63.0
58, 66.0
59, 65.0
60, 66.0
61, 68.0
62, 62.0
63, 70.0
64, 65.0
65, 62.0
66, 61.0
67, 64.0
68, 66.0
69, 63.0
70, 64.0
71, 64.0
72, 64.0
73, 67.0
74, 64.0
75, 65.0
76, 67.0
77, 67.0
78, 65.0
79, 67.0
80, 63.0
81, 66.0
82, 63.0
83, 70.0
84, 65.0
85, 62.0
86, 65.0
87, 64.0
88, 66.0
89, 64.0
90, 65.0
91, 65.0
92, 66.0
93, 66.0
94, 64.0
95, 65.0
96, 67.0
97, 65.0
98, 64.0
99, 61.0
100, 67.0
101, 66.0
102, 64.0
103, 63.0
104, 64.0
105, 67.0
106, 62.0
107, 60.0
108, 62.0
109, 63.0
110, 69.0
111, 65.0
112, 65.0
113, 64.0
114, 68.0
115, 65.0
116, 62.0
117, 63.0
118, 67.0
119, 64.0
120, 63.0
121, 63.0
122, 60.0
123, 63.0
124, 66.0
125, 65.0
126, 66.0
127, 64.0
128, 63.0
129, 66.0
130, 68.0
131, 64.0
132, 66.0
133, 64.0
134, 63.0
135, 64.0
136, 63.0
137, 62.0
138, 64.0
139, 64.0
140, 62.0
141, 61.0
142, 61.0
143, 63.0
144, 63.0
145, 64.0
146, 63.0
147, 70.0
148, 64.0
149, 67.0
150, 62.0
151, 58.0
152, 63.0
153, 67.0
154, 62.0
155, 68.0
156, 58.0
157, 60.0
158, 67.0
159, 66.0
160, 63.0
161, 65.0
162, 63.0
163, 69.0
164, 63.0
165, 62.0
166, 62.0
167, 67.0
168, 67.0
169, 66.0
170, 66.0
171, 65.0
172, 62.0
173, 66.0
174, 64.0
175, 66.0
176, 60.0
177, 68.0
178, 65.0
179, 67.0
180, 66.0
181, 58.0
182, 64.0
183, 65.0
184, 60.0
185, 64.0
186, 66.0
187, 70.0
188, 62.0
189, 66.0
190, 62.0
191, 63.0
192, 62.0
193, 65.0
194, 66.0
195, 60.0
196, 65.0
197, 66.0
198, 63.0
199, 63.0
200, 61.0
201, 68.0
202, 62.0
203, 63.0
204, 69.0
205, 60.0
206, 65.0
207, 63.0
208, 67.0
209, 61.0
210, 67.0
211, 66.0
212, 63.0
213, 67.0
214, 64.0
215, 66.0
216, 61.0
217, 66.0
218, 67.0
219, 62.0
220, 62.0
221, 60.0
222, 64.0
223, 66.0
224, 63.0
225, 65.0
226, 67.0
227, 69.0
228, 66.0
229, 62.0
230, 65.0
231, 61.0
232, 70.0
233, 65.0
234, 64.0
235, 65.0
236, 66.0
237, 67.0
238, 67.0
239, 65.0
240, 65.0
241, 64.0
242, 65.0
243, 69.0
244, 63.0
245, 65.0
246, 63.0
247, 61.0
248, 64.0
249, 66.0
250, 67.0
251, 67.0
252, 62.0
253, 65.0
254, 63.0
255, 66.0
256, 61.0
257, 65.0
258, 64.0
259, 62.0
260, 63.0
261, 65.0
262, 61.0
263, 64.0
264, 63.0
265, 67.0
266, 65.0
267, 64.0
268, 65.0
269, 63.0
270, 65.0
271, 63.0
272, 66.0
273, 64.0
274, 65.0
275, 67.0
276, 64.0
277, 60.0
278, 64.0
279, 63.0
280, 63.0
281, 60.0
282, 66.0
283, 66.0
284, 66.0
285, 64.0
286, 62.0
287, 63.0
288, 65.0
289, 64.0
290, 66.0
291, 66.0
292, 64.0
293, 65.0
294, 64.0
295, 64.0
296, 66.0
297, 64.0
298, 63.0
299, 63.0
300, 67.0
301, 59.0
302, 65.0
303, 61.0
304, 64.0
305, 67.0
306, 63.0
307, 63.0
308, 62.0
309, 59.0
310, 69.0
311, 64.0
312, 64.0
313, 61.0
314, 65.0
315, 64.0
316, 66.0
317, 64.0
318, 63.0
319, 63.0
320, 63.0
321, 66.0
322, 63.0
323, 64.0
324, 62.0
325, 60.0
326, 64.0
327, 64.0
328, 62.0
329, 66.0
330, 64.0
331, 64.0
332, 63.0
333, 67.0
334, 72.0
335, 64.0
336, 62.0
337, 65.0
338, 64.0
339, 64.0
340, 62.0
341, 61.0
342, 60.0
343, 65.0
344, 65.0
345, 63.0
346, 67.0
347, 64.0
348, 62.0
349, 61.0
350, 62.0
351, 66.0
352, 63.0
353, 66.0
354, 68.0
355, 68.0
356, 60.0
357, 65.0
358, 63.0
359, 62.0
360, 63.0
361, 63.0
362, 65.0
363, 65.0
364, 62.0
365, 60.0
366, 65.0
367, 65.0
368, 66.0
369, 64.0
370, 63.0
371, 66.0
372, 65.0
373, 66.0
374, 60.0
375, 63.0
376, 66.0
377, 61.0
378, 66.0
379, 64.0
380, 65.0
381, 62.0
382, 65.0
383, 63.0
384, 63.0
385, 64.0
386, 60.0
387, 62.0
388, 64.0
389, 61.0
390, 63.0
391, 64.0
392, 63.0
393, 62.0
394, 62.0
395, 65.0
396, 64.0
397, 59.0
398, 66.0
399, 64.0
400, 65.0
401, 62.0
402, 63.0
403, 64.0
404, 63.0
405, 64.0
406, 61.0
407, 63.0
408, 68.0
409, 60.0
410, 63.0
411, 63.0
412, 64.0
413, 66.0
414, 63.0
415, 65.0
416, 67.0
417, 62.0
418, 64.0
419, 68.0
420, 63.0
421, 63.0
422, 68.0
423, 67.0
424, 60.0
425, 63.0
426, 66.0
427, 64.0
428, 66.0
429, 62.0
430, 60.0
431, 65.0
432, 65.0
433, 65.0
434, 63.0
435, 59.0
436, 65.0
437, 66.0
438, 62.0
439, 64.0
440, 63.0
441, 70.0
442, 65.0
443, 65.0
444, 69.0
445, 64.0
446, 65.0
447, 60.0
448, 66.0
449, 67.0
450, 64.0
451, 63.0
452, 62.0
453, 64.0
454, 62.0
455, 68.0
456, 64.0
457, 63.0
458, 63.0
459, 62.0
460, 59.0
461, 64.0
462, 61.0
463, 63.0
464, 66.0
465, 63.0
466, 65.0
467, 63.0
468, 71.0
469, 62.0
470, 63.0
471, 64.0
472, 63.0
473, 62.0
474, 70.0
475, 64.0
476, 64.0
477, 64.0
478, 65.0
479, 65.0
480, 66.0
481, 68.0
482, 66.0
483, 67.0
484, 63.0
485, 61.0
486, 69.0
487, 63.0
488, 68.0
489, 66.0
490, 63.0
491, 64.0
492, 63.0
493, 65.0
494, 65.0
495, 61.0
496, 64.0
497, 66.0
498, 62.0
499, 64.0
500, 64.0
501, 61.0
502, 68.0
503, 63.0
504, 62.0
505, 63.0
506, 63.0
507, 61.0
508, 66.0
509, 61.0
510, 71.0
511, 63.0
512, 62.0
513, 64.0
514, 65.0
515, 66.0
516, 62.0
517, 63.0
518, 64.0
519, 64.0
520, 66.0
521, 62.0
522, 64.0
523, 65.0
524, 67.0
525, 63.0
526, 60.0
527, 64.0
528, 66.0
529, 66.0
530, 64.0
531, 63.0
532, 64.0
533, 63.0
534, 66.0
535, 64.0
536, 66.0
537, 68.0
538, 64.0
539, 63.0
540, 62.0
541, 63.0
542, 66.0
543, 67.0
544, 68.0
545, 64.0
546, 61.0
547, 62.0
548, 68.0
549, 63.0
550, 66.0
551, 64.0
552, 65.0
553, 64.0
554, 62.0
555, 63.0
556, 64.0
557, 63.0
558, 65.0
559, 68.0
560, 65.0
561, 67.0
562, 66.0
563, 64.0
564, 63.0
565, 64.0
566, 65.0
567, 66.0
568, 64.0
569, 67.0
570, 60.0
571, 68.0
572, 66.0
573, 59.0
574, 60.0
575, 61.0
576, 66.0
577, 65.0
578, 64.0
579, 65.0
580, 64.0
581, 62.0
582, 65.0
583, 62.0
584, 61.0
585, 64.0
586, 64.0
587, 66.0
588, 65.0
589, 63.0
590, 66.0
591, 65.0
592, 64.0
593, 68.0
594, 66.0
595, 65.0
596, 63.0
597, 63.0
598, 65.0
599, 63.0
600, 63.0
601, 69.0
602, 63.0
603, 65.0
604, 67.0
605, 61.0
606, 66.0
607, 65.0
608, 66.0
609, 64.0
610, 66.0
611, 68.0
612, 60.0
613, 62.0
614, 67.0
615, 65.0
616, 62.0
617, 62.0
618, 70.0
619, 66.0
620, 66.0
621, 66.0
622, 68.0
623, 63.0
624, 66.0
625, 63.0
626, 65.0
627, 66.0
628, 62.0
629, 63.0
630, 65.0
631, 62.0
632, 64.0
633, 62.0
634, 66.0
635, 70.0
636, 69.0
637, 68.0
638, 65.0
639, 62.0
640, 65.0
641, 66.0
642, 66.0
643, 64.0
644, 64.0
645, 67.0
646, 64.0
647, 64.0
648, 67.0
649, 64.0
650, 62.0
651, 65.0
652, 67.0
653, 67.0
654, 62.0
655, 64.0
656, 68.0
657, 65.0
658, 63.0
659, 65.0
660, 67.0
661, 62.0
662, 63.0
663, 64.0
664, 63.0
665, 63.0
666, 64.0
667, 63.0
668, 60.0
669, 63.0
670, 64.0
671, 65.0
672, 59.0
673, 64.0
674, 65.0
675, 68.0
676, 65.0
677, 62.0
678, 66.0
679, 58.0
680, 63.0
681, 67.0
682, 68.0
683, 67.0
684, 61.0
685, 64.0
686, 65.0
687, 63.0
688, 67.0
689, 68.0
690, 64.0
691, 62.0
692, 64.0
693, 65.0
694, 65.0
695, 66.0
696, 60.0
697, 64.0
698, 67.0
699, 64.0
700, 58.0
701, 63.0
702, 64.0
703, 68.0
704, 66.0
705, 63.0
706, 64.0
707, 62.0
708, 66.0
709, 62.0
710, 64.0
711, 62.0
712, 66.0
713, 62.0
714, 64.0
715, 62.0
716, 64.0
717, 64.0
718, 60.0
719, 59.0
720, 70.0
721, 63.0
722, 61.0
723, 62.0
724, 61.0
725, 63.0
726, 65.0
727, 65.0
728, 65.0
729, 65.0
730, 64.0
731, 65.0
732, 66.0
733, 64.0
734, 61.0
735, 63.0
736, 64.0
737, 66.0
738, 65.0
739, 62.0
740, 66.0
741, 63.0
742, 65.0
743, 63.0
744, 61.0
745, 63.0
746, 62.0
747, 62.0
748, 60.0
749, 66.0
750, 64.0
751, 62.0
752, 59.0
753, 68.0
754, 65.0
755, 63.0
756, 61.0
757, 63.0
758, 67.0
759, 66.0
760, 63.0
761, 65.0
762, 65.0
763, 65.0
764, 65.0
765, 63.0
766, 63.0
767, 63.0
768, 67.0
769, 63.0
770, 65.0
771, 64.0
772, 64.0
773, 61.0
774, 68.0
775, 62.0
776, 64.0
777, 63.0
778, 66.0
779, 62.0
780, 65.0
781, 63.0
782, 63.0
783, 65.0
784, 66.0
785, 64.0
786, 69.0
787, 67.0
788, 66.0
789, 66.0
790, 58.0
791, 62.0
792, 68.0
793, 65.0
794, 69.0
795, 64.0
796, 65.0
797, 68.0
798, 64.0
799, 68.0
800, 66.0
801, 64.0
802, 62.0
803, 65.0
804, 65.0
805, 65.0
806, 60.0
807, 66.0
808, 65.0
809, 64.0
810, 66.0
811, 65.0
812, 66.0
813, 69.0
814, 66.0
815, 65.0
816, 64.0
817, 66.0
818, 60.0
819, 62.0
820, 62.0
821, 63.0
822, 68.0
823, 68.0
824, 66.0
825, 64.0
826, 62.0
827, 65.0
828, 65.0
829, 67.0
830, 62.0
831, 66.0
832, 65.0
833, 65.0
834, 64.0
835, 64.0
836, 67.0
837, 64.0
838, 66.0
839, 65.0
840, 62.0
841, 65.0
842, 64.0
843, 66.0
844, 64.0
845, 66.0
846, 62.0
847, 70.0
848, 64.0
849, 64.0
850, 66.0
851, 64.0
852, 62.0
853, 64.0
854, 61.0
855, 65.0
856, 65.0
857, 63.0
858, 68.0
859, 60.0
860, 66.0
861, 66.0
862, 65.0
863, 66.0
864, 62.0
865, 62.0
866, 68.0
867, 65.0
868, 67.0
869, 68.0
870, 62.0
871, 60.0
872, 64.0
873, 63.0
874, 68.0
875, 61.0
876, 64.0
877, 64.0
878, 64.0
879, 66.0
880, 68.0
881, 59.0
882, 60.0
883, 65.0
884, 63.0
885, 64.0
886, 64.0
887, 63.0
888, 68.0
889, 68.0
890, 66.0
891, 64.0
892, 60.0
893, 63.0
894, 65.0
895, 64.0
896, 65.0
897, 66.0
898, 64.0
899, 65.0
900, 64.0
901, 66.0
902, 64.0
903, 66.0
904, 61.0
905, 61.0
906, 64.0
907, 64.0
908, 62.0
909, 67.0
910, 65.0
911, 69.0
912, 62.0
913, 64.0
914, 69.0
915, 66.0
916, 62.0
917, 71.0
918, 64.0
919, 67.0
920, 59.0
921, 60.0
922, 66.0
923, 66.0
924, 66.0
925, 65.0
926, 66.0
927, 64.0
928, 65.0
929, 64.0
930, 62.0
931, 66.0
932, 68.0
933, 65.0
934, 64.0
935, 64.0
936, 64.0
937, 65.0
938, 63.0
939, 65.0
940, 60.0
941, 68.0
942, 64.0
943, 64.0
944, 65.0
945, 65.0
946, 69.0
947, 63.0
948, 65.0
949, 64.0
950, 63.0
951, 67.0
952, 65.0
953, 63.0
954, 64.0
955, 65.0
956, 64.0
957, 66.0
958, 65.0
959, 68.0
960, 69.0
961, 67.0
962, 66.0
963, 62.0
964, 64.0
965, 68.0
966, 63.0
967, 64.0
968, 70.0
969, 65.0
970, 68.0
971, 63.0
972, 65.0
973, 62.0
974, 64.0
975, 64.0
976, 67.0
977, 66.0
978, 66.0
979, 63.0
980, 61.0
981, 66.0
982, 69.0
983, 66.0
984, 65.0
985, 68.0
986, 71.0
987, 64.0
988, 67.0
989, 67.0
990, 64.0
991, 65.0
992, 62.0
993, 64.0
994, 62.0
995, 63.0
996, 63.0
997, 69.0
998, 65.0
999, 64.0
1000, 66.0
1001, 63.0
1002, 63.0
1003, 64.0
1004, 63.0
1005, 70.0
1006, 65.0
1007, 67.0
1008, 64.0
1009, 65.0
1010, 63.0
1011, 65.0
1012, 60.0
1013, 67.0
1014, 61.0
1015, 64.0
1016, 67.0
1017, 67.0
1018, 63.0
1019, 63.0
1020, 62.0
1021, 64.0
1022, 64.0
1023, 60.0
1024, 66.0
1025, 65.0
1026, 64.0
1027, 67.0
1028, 70.0
1029, 64.0
1030, 69.0
1031, 68.0
1032, 64.0
1033, 66.0
1034, 66.0
1035, 64.0
1036, 65.0
1037, 69.0
1038, 65.0
1039, 63.0
1040, 62.0
1041, 68.0
1042, 63.0
1043, 63.0
1044, 63.0
1045, 63.0
1046, 66.0
1047, 63.0
1048, 65.0
1049, 67.0
1050, 61.0
1051, 67.0
1052, 64.0
1053, 67.0
1054, 64.0
1055, 64.0
1056, 64.0
1057, 63.0
1058, 65.0
1059, 62.0
1060, 70.0
1061, 64.0
1062, 62.0
1063, 64.0
1064, 65.0
1065, 65.0
1066, 61.0
1067, 65.0
1068, 63.0
1069, 66.0
1070, 66.0
1071, 69.0
1072, 70.0
1073, 68.0
1074, 66.0
1075, 67.0
1076, 62.0
1077, 64.0
1078, 62.0
1079, 61.0
1080, 69.0
1081, 63.0
1082, 64.0
1083, 64.0
1084, 65.0
1085, 66.0
1086, 63.0
1087, 70.0
1088, 63.0
1089, 69.0
1090, 66.0
1091, 63.0
1092, 65.0
1093, 63.0
1094, 68.0
1095, 66.0
1096, 64.0
1097, 67.0
1098, 69.0
1099, 69.0
1100, 66.0
1101, 66.0
1102, 66.0
1103, 71.0
1104, 69.0
1105, 66.0
1106, 66.0
1107, 66.0
1108, 67.0
1109, 61.0
1110, 64.0
1111, 66.0
1112, 68.0
1113, 69.0
1114, 65.0
1115, 67.0
1116, 69.0
1117, 67.0
1118, 69.0
1119, 65.0
1120, 65.0
1121, 73.0
1122, 63.0
1123, 63.0
1124, 66.0
1125, 70.0
1126, 64.0
1127, 66.0
1128, 69.0
1129, 64.0
1130, 63.0
1131, 64.0
1132, 66.0
1133, 66.0
1134, 66.0
1135, 67.0
1136, 66.0
1137, 65.0
1138, 64.0
1139, 68.0
1140, 62.0
1141, 64.0
1142, 64.0
1143, 64.0
1144, 68.0
1145, 61.0
1146, 63.0
1147, 69.0
1148, 61.0
1149, 64.0
1150, 66.0
1151, 65.0
1152, 66.0
1153, 67.0
1154, 65.0
1155, 62.0
1156, 66.0
1157, 67.0
1158, 66.0
1159, 63.0
1160, 66.0
1161, 67.0
1162, 68.0
1163, 64.0
1164, 69.0
1165, 66.0
1166, 67.0
1167, 66.0
1168, 65.0
1169, 66.0
1170, 67.0
1171, 65.0
1172, 65.0
1173, 64.0
1174, 66.0
1175, 61.0
1176, 67.0
1177, 65.0
1178, 63.0
1179, 67.0
1180, 67.0
1181, 70.0
1182, 64.0
1183, 62.0
1184, 65.0
1185, 62.0
1186, 67.0
1187, 67.0
1188, 64.0
1189, 71.0
1190, 66.0
1191, 64.0
1192, 65.0
1193, 69.0
1194, 67.0
1195, 66.0
1196, 63.0
1197, 68.0
1198, 65.0
1199, 63.0
1200, 66.0
1201, 66.0
1202, 64.0
1203, 65.0
1204, 68.0
1205, 65.0
1206, 65.0
1207, 63.0
1208, 69.0
1209, 64.0
1210, 62.0
1211, 66.0
1212, 66.0
1213, 67.0
1214, 66.0
1215, 64.0
1216, 66.0
1217, 63.0
1218, 68.0
1219, 67.0
1220, 68.0
1221, 63.0
1222, 73.0
1223, 65.0
1224, 68.0
1225, 68.0
1226, 66.0
1227, 66.0
1228, 66.0
1229, 64.0
1230, 60.0
1231, 68.0
1232, 64.0
1233, 64.0
1234, 63.0
1235, 66.0
1236, 65.0
1237, 65.0
1238, 70.0
1239, 67.0
1240, 67.0
1241, 63.0
1242, 65.0
1243, 67.0
1244, 70.0
1245, 65.0
1246, 68.0
1247, 68.0
1248, 64.0
1249, 63.0
1250, 70.0
1251, 65.0
1252, 66.0
1253, 65.0
1254, 61.0
1255, 68.0
1256, 69.0
1257, 62.0
1258, 64.0
1259, 66.0
1260, 64.0
1261, 64.0
1262, 68.0
1263, 69.0
1264, 68.0
1265, 68.0
1266, 64.0
1267, 68.0
1268, 64.0
1269, 66.0
1270, 67.0
1271, 69.0
1272, 63.0
1273, 69.0
1274, 68.0
1275, 67.0
1276, 65.0
1277, 67.0
1278, 64.0
1279, 66.0
1280, 65.0
1281, 74.0
1282, 65.0
1283, 66.0
1284, 65.0
1285, 66.0
1286, 69.0
1287, 67.0
1288, 65.0
1289, 69.0
1290, 67.0
1291, 66.0
1292, 68.0
1293, 65.0
1294, 66.0
1295, 63.0
1296, 67.0
1297, 62.0
1298, 70.0
1299, 66.0
1300, 69.0
1301, 64.0
1302, 65.0
1303, 68.0
1304, 66.0
1305, 65.0
1306, 69.0
1307, 67.0
1308, 66.0
1309, 71.0
1310, 67.0
1311, 67.0
1312, 65.0
1313, 72.0
1314, 66.0
1315, 69.0
1316, 66.0
1317, 64.0
1318, 64.0
1319, 67.0
1320, 69.0
1321, 62.0
1322, 68.0
1323, 66.0
1324, 72.0
1325, 66.0
1326, 62.0
1327, 70.0
1328, 74.0
1329, 66.0
1330, 66.0
1331, 70.0
1332, 68.0
1333, 67.0
1334, 69.0
1335, 64.0
1336, 67.0
1337, 70.0
1338, 66.0
1339, 65.0
1340, 65.0
1341, 67.0
1342, 69.0
1343, 66.0
1344, 69.0
1345, 67.0
1346, 68.0
1347, 68.0
1348, 71.0
1349, 66.0
1350, 70.0
1351, 72.0
1352, 69.0
1353, 69.0
1354, 71.0
1355, 64.0
1356, 68.0
1357, 72.0
1358, 70.0
1359, 69.0
1360, 71.0
1361, 69.0
1362, 71.0
1363, 68.0
1364, 70.0
1365, 70.0
1366, 72.0
1367, 67.0
1368, 68.0
1369, 65.0
1370, 68.0
1371, 69.0
1372, 64.0
1373, 68.0
1374, 70.0
1375, 68.0
1376, 66.0
1377, 63.0
1378, 68.0
1379, 63.0
1380, 68.0
1381, 70.0
1382, 73.0
1383, 71.0
1384, 69.0
1385, 68.0
1386, 67.0
1387, 65.0
1388, 67.0
1389, 68.0
1390, 68.0
1391, 66.0
1392, 67.0
1393, 65.0
1394, 64.0
1395, 63.0
1396, 70.0
1397, 69.0
1398, 69.0
1399, 68.0
1400, 69.0
1401, 65.0
1402, 69.0
1403, 70.0
1404, 67.0
1405, 68.0
1406, 68.0
1407, 65.0
1408, 70.0
1409, 68.0
1410, 68.0
1411, 68.0
1412, 70.0
1413, 67.0
1414, 70.0
1415, 67.0
1416, 65.0
1417, 68.0
1418, 63.0
1419, 69.0
1420, 70.0
1421, 65.0
1422, 69.0
1423, 69.0
1424, 67.0
1425, 70.0
1426, 73.0
1427, 66.0
1428, 71.0
1429, 67.0
1430, 70.0
1431, 67.0
1432, 69.0
1433, 67.0
1434, 70.0
1435, 69.0
1436, 69.0
1437, 68.0
1438, 68.0
1439, 70.0
1440, 68.0
1441, 65.0
1442, 72.0
1443, 70.0
1444, 72.0
1445, 68.0
1446, 70.0
1447, 71.0
1448, 72.0
1449, 69.0
1450, 68.0
1451, 67.0
1452, 69.0
1453, 70.0
1454, 71.0
1455, 68.0
1456, 72.0
1457, 70.0
1458, 69.0
1459, 70.0
1460, 65.0
1461, 66.0
1462, 68.0
1463, 69.0
1464, 67.0
1465, 67.0
1466, 68.0
1467, 62.0
1468, 74.0
1469, 75.0
1470, 71.0
1471, 69.0
1472, 70.0
1473, 69.0
1474, 69.0
1475, 72.0
1476, 73.0
1477, 68.0
1478, 70.0
1479, 72.0
1480, 69.0
1481, 66.0
1482, 70.0
1483, 68.0
1484, 70.0
1485, 69.0
1486, 70.0
1487, 73.0
1488, 70.0
1489, 73.0
1490, 67.0
1491, 68.0
1492, 71.0
1493, 68.0
1494, 73.0
1495, 66.0
1496, 71.0
1497, 71.0
1498, 66.0
1499, 72.0
1500, 70.0
1501, 68.0
1502, 70.0
1503, 68.0
1504, 70.0
1505, 69.0
1506, 67.0
1507, 76.0
1508, 68.0
1509, 69.0
1510, 69.0
1511, 70.0
1512, 70.0
1513, 68.0
1514, 70.0
1515, 71.0
1516, 69.0
1517, 72.0
1518, 68.0
1519, 68.0
1520, 75.0
1521, 71.0
1522, 68.0
1523, 72.0
1524, 70.0
1525, 67.0
1526, 70.0
1527, 72.0
1528, 68.0
1529, 69.0
1530, 72.0
1531, 66.0
1532, 72.0
1533, 71.0
1534, 72.0
1535, 68.0
1536, 73.0
1537, 72.0
1538, 66.0
1539, 71.0
1540, 70.0
1541, 71.0
1542, 69.0
1543, 68.0
1544, 71.0
1545, 74.0
1546, 71.0
1547, 75.0
1548, 75.0
1549, 73.0
1550, 69.0
1551, 69.0
1552, 68.0
1553, 72.0
1554, 80.0
1555, 71.0
1556, 70.0
1557, 73.0
1558, 74.0
1559, 67.0
1560, 77.0
1561, 64.0
1562, 73.0
1563, 75.0
1564, 74.0
1565, 71.0
1566, 70.0
1567, 69.0
1568, 71.0
1569, 73.0
1570, 77.0
1571, 74.0
1572, 76.0
1573, 72.0
1574, 73.0
1575, 75.0
1576, 71.0
1577, 70.0
1578, 75.0
1579, 75.0
1580, 75.0
1581, 75.0
1582, 76.0
1583, 77.0
1584, 73.0
1585, 74.0
1586, 71.0
1587, 80.0
1588, 72.0
1589, 75.0
1590, 73.0
1591, 71.0
1592, 79.0
1593, 77.0
1594, 75.0
1595, 79.0
1596, 78.0
1597, 74.0
1598, 74.0
1599, 72.0
1600, 75.0
1601, 73.0
1602, 68.0
1603, 75.0
1604, 74.0
1605, 74.0
1606, 78.0
1607, 79.0
1608, 76.0
1609, 73.0
1610, 76.0
1611, 76.0
1612, 76.0
1613, 71.0
1614, 78.0
1615, 79.0
1616, 76.0
1617, 78.0
1618, 73.0
1619, 73.0
1620, 76.0
1621, 78.0
1622, 74.0
1623, 81.0
1624, 78.0
1625, 76.0
1626, 74.0
1627, 75.0
1628, 73.0
1629, 82.0
1630, 79.0
1631, 83.0
1632, 82.0
1633, 75.0
1634, 79.0
1635, 78.0
1636, 76.0
1637, 79.0
1638, 79.0
1639, 80.0
1640, 80.0
1641, 83.0
1642, 80.0
1643, 77.0
1644, 79.0
1645, 80.0
1646, 80.0
1647, 82.0
1648, 74.0
1649, 83.0
1650, 82.0
1651, 78.0
1652, 84.0
1653, 83.0
1654, 79.0
1655, 83.0
1656, 84.0
1657, 81.0
1658, 84.0
1659, 78.0
1660, 85.0
1661, 80.0
1662, 80.0
1663, 86.0
1664, 80.0
1665, 83.0
1666, 81.0
1667, 79.0
1668, 80.0
1669, 85.0
1670, 83.0
1671, 85.0
1672, 84.0
1673, 87.0
1674, 88.0
1675, 82.0
1676, 84.0
1677, 84.0
1678, 85.0
1679, 92.0
1680, 85.0
1681, 86.0
1682, 86.0
1683, 88.0
1684, 88.0
1685, 88.0
1686, 86.0
1687, 87.0
1688, 91.0
1689, 86.0
1690, 90.0
1691, 87.0
1692, 84.0
1693, 91.0
1694, 88.0
1695, 90.0
1696, 85.0
1697, 92.0
1698, 90.0
1699, 92.0
1700, 89.0
1701, 84.0
1702, 93.0
1703, 97.0
1704, 95.0
1705, 94.0
1706, 91.0
1707, 92.0
1708, 90.0
1709, 92.0
1710, 98.0
1711, 94.0
1712, 95.0
1713, 97.0
1714, 94.0
1715, 94.0
1716, 93.0
1717, 94.0
1718, 91.0
1719, 92.0
1720, 94.0
1721, 94.0
1722, 97.0
1723, 99.0
1724, 95.0
1725, 97.0
1726, 97.0
1727, 98.0
1728, 99.0
1729,103.0
1730, 98.0
1731, 98.0
1732,100.0
1733,101.0
1734, 98.0
1735,107.0
1736,106.0
1737, 99.0
1738,107.0
1739,105.0
1740,104.0
1741,111.0
1742,108.0
1743,105.0
1744,106.0
1745,107.0
1746,104.0
1747,111.0
1748,108.0
1749,106.0
1750,113.0
1751,114.0
1752,114.0
1753,115.0
1754,116.0
1755,109.0
1756,110.0
1757,107.0
1758,112.0
1759,110.0
1760,102.0
1761,106.0
1762,101.0
1763,100.0
1764,107.0
1765,109.0
1766,115.0
1767,112.0
1768,113.0
1769,113.0
1770,119.0
1771,122.0
1772,128.0
1773,128.0
1774,127.0
1775,125.0
1776,133.0
1777,129.0
1778,130.0
1779,128.0
1780,133.0
1781,143.0
1782,137.0
1783,140.0
1784,135.0
1785,141.0
1786,140.0
1787,144.0
1788,143.0
1789,140.0
1790,146.0
1791,150.0
1792,147.0
1793,146.0
1794,151.0
1795,152.0
1796,149.0
1797,155.0
1798,152.0
1799,150.0
1800,158.0
1801,155.0
1802,160.0
1803,157.0
1804,151.0
1805,162.0
1806,160.0
1807,167.0
1808,166.0
1809,167.0
1810,166.0
1811,172.0
1812,173.0
1813,172.0
1814,174.0
1815,177.0
1816,177.0
1817,182.0
1818,180.0
1819,182.0
1820,184.0
1821,187.0
1822,192.0
1823,190.0
1824,196.0
1825,198.0
1826,193.0
1827,199.0
1828,197.0
1829,208.0
1830,199.0
1831,201.0
1832,199.0
1833,201.0
1834,220.0
1835,221.0
1836,213.0
1837,219.0
1838,222.0
1839,223.0
1840,224.0
1841,225.0
1842,233.0
1843,226.0
1844,230.0
1845,225.0
1846,224.0
1847,231.0
1848,233.0
1849,238.0
1850,239.0
1851,247.0
1852,257.0
1853,259.0
1854,265.0
1855,257.0
1856,271.0
1857,272.0
1858,271.0
1859,273.0
1860,274.0
1861,293.0
1862,285.0
1863,297.0
1864,295.0
1865,297.0
1866,313.0
1867,306.0
1868,323.0
1869,321.0
1870,315.0
1871,336.0
1872,338.0
1873,344.0
1874,351.0
1875,352.0
1876,365.0
1877,374.0
1878,408.0
1879,439.0
1880,472.0
1881,529.0
1882,640.0
1883,792.0
1884,974.0
1885,1098.0
1886,1105.0
1887,963.0
1888,773.0
1889,585.0
1890,506.0
1891,493.0
1892,504.0
1893,504.0
1894,492.0
1895,475.0
1896,492.0
1897,514.0
1898,542.0
1899,555.0
1900,567.0
1901,595.0
1902,680.0
1903,827.0
1904,964.0
1905,1072.0
1906,1281.0
1907,1781.0
1908,2546.0
1909,3255.0
1910,3572.0
1911,3481.0
1912,3168.0
1913,2715.0
1914,2446.0
1915,2424.0
1916,2595.0
1917,2626.0
1918,2360.0
1919,1865.0
1920,1513.0
1921,1658.0
1922,2350.0
1923,3264.0
1924,3800.0
1925,3945.0
1926,3988.0
1927,3962.0
1928,3841.0
1929,3615.0
1930,3239.0
1931,2703.0
1932,2232.0
1933,1962.0
1934,1954.0
1935,1932.0
1936,1762.0
1937,1506.0
1938,1479.0
1939,1774.0
1940,2211.0
1941,2424.0
1942,2173.0
1943,1637.0
1944,1077.0
1945,808.0
1946,790.0
1947,833.0
1948,857.0
1949,803.0
1950,759.0
1951,720.0
1952,674.0
1953,671.0
1954,729.0
1955,838.0
1956,908.0
1957,901.0
1958,816.0
1959,674.0
1960,616.0
1961,586.0
1962,578.0
1963,542.0
1964,508.0
1965,496.0
1966,502.0
1967,495.0
1968,488.0
1969,473.0
1970,462.0
1971,455.0
1972,457.0
1973,459.0
1974,445.0
1975,439.0
1976,431.0
1977,429.0
1978,428.0
1979,423.0
1980,422.0
1981,404.0
1982,419.0
1983,404.0
1984,401.0
1985,396.0
1986,396.0
1987,394.0
1988,385.0
1989,394.0
1990,393.0
1991,381.0
1992,380.0
1993,386.0
1994,371.0
1995,374.0
1996,363.0
1997,363.0
1998,358.0
1999,359.0
2000,365.0
2001,345.0
2002,352.0
2003,347.0
2004,346.0
2005,351.0
2006,341.0
2007,333.0
2008,327.0
2009,335.0
2010,328.0
2011,325.0
2012,309.0
2013,315.0
2014,306.0
2015,307.0
2016,314.0
2017,303.0
2018,292.0
2019,297.0
2020,309.0
2021,292.0
2022,289.0
2023,281.0
2024,278.0
2025,285.0
2026,270.0
2027,278.0
2028,266.0
2029,276.0
2030,265.0
2031,268.0
2032,268.0
2033,262.0
2034,254.0
2035,252.0
2036,236.0
2037,210.0
2038,210.0
2039,210.0
2040,203.0
2041,201.0
2042,212.0
2043,225.0
2044,229.0
2045,237.0
2046,234.0
2047,239.0
2048,230.0
2049,224.0
2050,227.0
2051,223.0
2052,234.0
2053,220.0
2054,218.0
2055,220.0
2056,208.0
2057,215.0
2058,219.0
2059,207.0
2060,197.0
2061,194.0
2062,204.0
2063,208.0
2064,199.0
2065,201.0
2066,189.0
2067,193.0
2068,188.0
2069,196.0
2070,187.0
2071,187.0
2072,188.0
2073,193.0
2074,184.0
2075,182.0
2076,184.0
2077,184.0
2078,185.0
2079,183.0
2080,167.0
2081,174.0
2082,174.0
2083,171.0
2084,173.0
2085,172.0
2086,166.0
2087,167.0
2088,168.0
2089,161.0
2090,165.0
2091,165.0
2092,155.0
2093,159.0
2094,154.0
2095,156.0
2096,154.0
2097,158.0
2098,154.0
2099,153.0
2100,148.0
2101,149.0
2102,155.0
2103,146.0
2104,151.0
2105,142.0
2106,147.0
2107,142.0
2108,146.0
2109,145.0
2110,138.0
2111,138.0
2112,132.0
2113,139.0
2114,137.0
2115,131.0
2116,128.0
2117,130.0
2118,132.0
2119,140.0
2120,133.0
2121,131.0
2122,123.0
2123,124.0
2124,133.0
2125,127.0
2126,127.0
2127,130.0
2128,122.0
2129,127.0
2130,125.0
2131,115.0
2132,123.0
2133,124.0
2134,120.0
2135,126.0
2136,119.0
2137,120.0
2138,115.0
2139,120.0
2140,126.0
2141,120.0
2142,117.0
2143,116.0
2144,117.0
2145,113.0
2146,111.0
2147,118.0
2148,113.0
2149,116.0
2150,109.0
2151,114.0
2152,115.0
2153,117.0
2154,116.0
2155,106.0
2156,103.0
2157,112.0
2158,112.0
2159,113.0
2160,108.0
2161,108.0
2162,105.0
2163,103.0
2164,110.0
2165,110.0
2166,105.0
2167,104.0
2168,104.0
2169,102.0
2170, 99.0
2171,105.0
2172,107.0
2173,100.0
2174, 99.0
2175, 98.0
2176,100.0
2177, 97.0
2178,100.0
2179,104.0
2180,101.0
2181,103.0
2182,100.0
2183, 97.0
2184,102.0
2185, 99.0
2186,104.0
2187, 96.0
2188,101.0
2189, 98.0
2190, 99.0
2191, 97.0
2192,101.0
2193, 96.0
2194, 99.0
2195, 96.0
2196, 98.0
2197,100.0
2198, 93.0
2199,100.0
2200, 92.0
2201, 99.0
2202, 89.0
2203, 97.0
2204, 94.0
2205, 94.0
2206, 97.0
2207, 95.0
2208, 95.0
2209, 92.0
2210, 88.0
2211, 95.0
2212, 91.0
2213, 86.0
2214, 92.0
2215, 88.0
2216, 91.0
2217, 96.0
2218, 92.0
2219, 88.0
2220, 90.0
2221, 91.0
2222, 94.0
2223, 86.0
2224, 89.0
2225, 91.0
2226, 90.0
2227, 84.0
2228, 89.0
2229, 90.0
2230, 92.0
2231, 91.0
2232, 92.0
2233, 89.0
2234, 90.0
2235, 91.0
2236, 88.0
2237, 90.0
2238, 90.0
2239, 84.0
2240, 89.0
2241, 85.0
2242, 90.0
2243, 91.0
2244, 83.0
2245, 84.0
2246, 87.0
2247, 84.0
2248, 80.0
2249, 85.0
2250, 84.0
2251, 86.0
2252, 85.0
2253, 85.0
2254, 83.0
2255, 87.0
2256, 85.0
2257, 81.0
2258, 87.0
2259, 88.0
2260, 85.0
2261, 88.0
2262, 85.0
2263, 84.0
2264, 83.0
2265, 88.0
2266, 84.0
2267, 85.0
2268, 88.0
2269, 82.0
2270, 87.0
2271, 83.0
2272, 88.0
2273, 82.0
2274, 84.0
2275, 83.0
2276, 83.0
2277, 84.0
2278, 87.0
2279, 82.0
2280, 78.0
2281, 81.0
2282, 84.0
2283, 80.0
2284, 81.0
2285, 81.0
2286, 85.0
2287, 79.0
2288, 85.0
2289, 83.0
2290, 85.0
2291, 85.0
2292, 78.0
2293, 83.0
2294, 82.0
2295, 79.0
2296, 84.0
2297, 81.0
2298, 80.0
2299, 80.0
2300, 82.0
2301, 80.0
2302, 80.0
2303, 82.0
2304, 82.0
2305, 74.0
2306, 83.0
2307, 85.0
2308, 80.0
2309, 79.0
2310, 78.0
2311, 79.0
2312, 77.0
2313, 78.0
2314, 76.0
2315, 81.0
2316, 79.0
2317, 75.0
2318, 77.0
2319, 77.0
2320, 83.0
2321, 76.0
2322, 82.0
2323, 74.0
2324, 74.0
2325, 77.0
2326, 79.0
2327, 74.0
2328, 80.0
2329, 75.0
2330, 78.0
2331, 77.0
2332, 80.0
2333, 81.0
2334, 81.0
2335, 81.0
2336, 73.0
2337, 77.0
2338, 76.0
2339, 82.0
2340, 77.0
2341, 81.0
2342, 76.0
2343, 78.0
2344, 76.0
2345, 75.0
2346, 71.0
2347, 77.0
2348, 76.0
2349, 72.0
2350, 77.0
2351, 72.0
2352, 81.0
2353, 80.0
2354, 75.0
2355, 75.0
2356, 72.0
2357, 73.0
2358, 75.0
2359, 78.0
2360, 73.0
2361, 77.0
2362, 74.0
2363, 76.0
2364, 76.0
2365, 76.0
2366, 79.0
2367, 76.0
2368, 79.0
2369, 76.0
2370, 80.0
2371, 75.0
2372, 75.0
2373, 73.0
2374, 72.0
2375, 73.0
2376, 77.0
2377, 70.0
2378, 83.0
2379, 75.0
2380, 78.0
2381, 76.0
2382, 76.0
2383, 79.0
2384, 81.0
2385, 72.0
2386, 74.0
2387, 75.0
2388, 78.0
2389, 80.0
2390, 78.0
2391, 76.0
2392, 75.0
2393, 82.0
2394, 69.0
2395, 76.0
2396, 76.0
2397, 75.0
2398, 79.0
2399, 74.0
2400, 74.0
2401, 73.0
2402, 77.0
2403, 71.0
2404, 74.0
2405, 71.0
2406, 79.0
2407, 71.0
2408, 72.0
2409, 73.0
2410, 73.0
2411, 74.0
2412, 74.0
2413, 71.0
2414, 73.0
2415, 74.0
2416, 72.0
2417, 74.0
2418, 73.0
2419, 72.0
2420, 68.0
2421, 74.0
2422, 73.0
2423, 73.0
2424, 71.0
2425, 76.0
2426, 72.0
2427, 76.0
2428, 73.0
2429, 72.0
2430, 76.0
2431, 78.0
2432, 75.0
2433, 69.0
2434, 77.0
2435, 73.0
2436, 68.0
2437, 71.0
2438, 72.0
2439, 73.0
2440, 75.0
2441, 78.0
2442, 76.0
2443, 72.0
2444, 71.0
2445, 74.0
2446, 69.0
2447, 75.0
2448, 71.0
2449, 75.0
2450, 73.0
2451, 70.0
2452, 72.0
2453, 71.0
2454, 70.0
2455, 76.0
2456, 73.0
2457, 71.0
2458, 71.0
2459, 72.0
2460, 77.0
2461, 70.0
2462, 70.0
2463, 75.0
2464, 73.0
2465, 72.0
2466, 68.0
2467, 64.0
2468, 75.0
2469, 72.0
2470, 68.0
2471, 68.0
2472, 71.0
2473, 68.0
2474, 71.0
2475, 68.0
2476, 76.0
2477, 67.0
2478, 70.0
2479, 70.0
2480, 73.0
2481, 79.0
2482, 71.0
2483, 72.0
2484, 71.0
2485, 69.0
2486, 72.0
2487, 68.0
2488, 69.0
2489, 68.0
2490, 74.0
2491, 73.0
2492, 71.0
2493, 72.0
2494, 72.0
2495, 71.0
2496, 69.0
2497, 72.0
2498, 72.0
2499, 73.0
2500, 68.0
2501, 74.0
2502, 69.0
2503, 68.0
2504, 72.0
2505, 72.0
2506, 69.0
2507, 73.0
2508, 70.0
2509, 67.0
2510, 73.0
2511, 72.0
2512, 70.0
2513, 67.0
2514, 71.0
2515, 73.0
2516, 73.0
2517, 70.0
2518, 71.0
2519, 69.0
2520, 70.0
2521, 67.0
2522, 71.0
2523, 71.0
2524, 71.0
2525, 69.0
2526, 68.0
2527, 68.0
2528, 67.0
2529, 66.0
2530, 66.0
2531, 68.0
2532, 71.0
2533, 70.0
2534, 71.0
2535, 74.0
2536, 67.0
2537, 73.0
2538, 68.0
2539, 74.0
2540, 74.0
2541, 64.0
2542, 72.0
2543, 70.0
2544, 71.0
2545, 64.0
2546, 66.0
2547, 65.0
2548, 73.0
2549, 69.0
2550, 73.0
2551, 66.0
2552, 72.0
2553, 71.0
2554, 67.0
2555, 72.0
2556, 68.0
2557, 67.0
2558, 71.0
2559, 73.0
2560, 68.0
2561, 74.0
2562, 67.0
2563, 68.0
2564, 67.0
2565, 72.0
2566, 71.0
2567, 70.0
2568, 72.0
2569, 69.0
2570, 70.0
2571, 72.0
2572, 67.0
2573, 66.0
2574, 73.0
2575, 71.0
2576, 66.0
2577, 70.0
2578, 70.0
2579, 69.0
2580, 72.0
2581, 68.0
2582, 64.0
2583, 69.0
2584, 71.0
2585, 64.0
2586, 69.0
2587, 67.0
2588, 66.0
2589, 67.0
2590, 70.0
2591, 68.0
2592, 69.0
2593, 71.0
2594, 70.0
2595, 67.0
2596, 70.0
2597, 66.0
2598, 69.0
2599, 68.0
2600, 71.0
2601, 66.0
2602, 74.0
2603, 67.0
2604, 71.0
2605, 68.0
2606, 74.0
2607, 71.0
2608, 69.0
2609, 68.0
2610, 74.0
2611, 67.0
2612, 69.0
2613, 70.0
2614, 68.0
2615, 68.0
2616, 71.0
2617, 72.0
2618, 71.0
2619, 66.0
2620, 70.0
2621, 72.0
2622, 69.0
2623, 73.0
2624, 72.0
2625, 70.0
2626, 68.0
2627, 67.0
2628, 68.0
2629, 66.0
2630, 67.0
2631, 68.0
2632, 67.0
2633, 67.0
2634, 69.0
2635, 69.0
2636, 68.0
2637, 68.0
2638, 67.0
2639, 70.0
2640, 67.0
2641, 72.0
2642, 68.0
2643, 67.0
2644, 69.0
2645, 66.0
2646, 73.0
2647, 64.0
2648, 69.0
2649, 67.0
2650, 67.0
2651, 68.0
2652, 65.0
2653, 64.0
2654, 67.0
2655, 68.0
2656, 65.0
2657, 68.0
2658, 63.0
2659, 67.0
2660, 70.0
2661, 67.0
2662, 67.0
2663, 68.0
2664, 67.0
2665, 66.0
2666, 70.0
2667, 65.0
2668, 64.0
2669, 69.0
2670, 67.0
2671, 67.0
2672, 73.0
2673, 67.0
2674, 68.0
2675, 71.0
2676, 68.0
2677, 69.0
2678, 69.0
2679, 68.0
2680, 65.0
2681, 67.0
2682, 65.0
2683, 69.0
2684, 68.0
2685, 70.0
2686, 67.0
2687, 67.0
2688, 67.0
2689, 67.0
2690, 70.0
2691, 65.0
2692, 67.0
2693, 65.0
2694, 71.0
2695, 69.0
2696, 66.0
2697, 67.0
2698, 68.0
2699, 69.0
2700, 65.0
2701, 63.0
2702, 72.0
2703, 63.0
2704, 69.0
2705, 68.0
2706, 63.0
2707, 65.0
2708, 66.0
2709, 67.0
2710, 66.0
2711, 66.0
2712, 68.0
2713, 70.0
2714, 67.0
2715, 67.0
2716, 67.0
2717, 65.0
2718, 68.0
2719, 67.0
2720, 64.0
2721, 66.0
2722, 67.0
2723, 68.0
2724, 67.0
2725, 67.0
2726, 64.0
2727, 66.0
2728, 65.0
2729, 68.0
2730, 69.0
2731, 62.0
2732, 64.0
2733, 68.0
2734, 67.0
2735, 65.0
2736, 67.0
2737, 64.0
2738, 68.0
2739, 64.0
2740, 69.0
2741, 64.0
2742, 69.0
2743, 67.0
2744, 69.0
2745, 70.0
2746, 66.0
2747, 65.0
2748, 67.0
2749, 68.0
2750, 67.0
2751, 67.0
2752, 67.0
2753, 68.0
2754, 67.0
2755, 67.0
2756, 68.0
2757, 68.0
2758, 68.0
2759, 63.0
2760, 66.0
2761, 67.0
2762, 64.0
2763, 64.0
2764, 67.0
2765, 65.0
2766, 65.0
2767, 65.0
2768, 64.0
2769, 68.0
2770, 70.0
2771, 64.0
2772, 67.0
2773, 66.0
2774, 63.0
2775, 68.0
2776, 65.0
2777, 69.0
2778, 62.0
2779, 74.0
2780, 64.0
2781, 63.0
2782, 61.0
2783, 62.0
2784, 62.0
2785, 64.0
2786, 63.0
2787, 64.0
2788, 66.0
2789, 67.0
2790, 70.0
2791, 65.0
2792, 64.0
2793, 62.0
2794, 60.0
2795, 66.0
2796, 66.0
2797, 64.0
2798, 62.0
2799, 62.0
2800, 63.0
2801, 65.0
2802, 62.0
2803, 65.0
2804, 65.0
2805, 66.0
2806, 68.0
2807, 66.0
2808, 65.0
2809, 65.0
2810, 65.0
2811, 64.0
2812, 66.0
2813, 64.0
2814, 69.0
2815, 64.0
2816, 67.0
2817, 64.0
2818, 64.0
2819, 66.0
2820, 67.0
2821, 67.0
2822, 65.0
2823, 64.0
2824, 67.0
2825, 65.0
2826, 61.0
2827, 69.0
2828, 67.0
2829, 66.0
2830, 66.0
2831, 60.0
2832, 69.0
2833, 66.0
2834, 64.0
2835, 65.0
2836, 69.0
2837, 62.0
2838, 64.0
2839, 64.0
2840, 66.0
2841, 68.0
2842, 67.0
2843, 60.0
2844, 63.0
2845, 65.0
2846, 62.0
2847, 64.0
2848, 63.0
2849, 64.0
2850, 66.0
2851, 72.0
2852, 66.0
2853, 66.0
2854, 64.0
2855, 66.0
2856, 63.0
2857, 65.0
2858, 65.0
2859, 68.0
2860, 61.0
2861, 63.0
2862, 67.0
2863, 67.0
2864, 67.0
2865, 63.0
2866, 67.0
2867, 66.0
2868, 66.0
2869, 66.0
2870, 64.0
2871, 65.0
2872, 69.0
2873, 64.0
2874, 66.0
2875, 68.0
2876, 64.0
2877, 68.0
2878, 62.0
2879, 69.0
2880, 66.0
2881, 65.0
2882, 65.0
2883, 62.0
2884, 62.0
2885, 65.0
2886, 64.0
2887, 67.0
2888, 66.0
2889, 63.0
2890, 66.0
2891, 65.0
2892, 65.0
2893, 65.0
2894, 61.0
2895, 71.0
2896, 68.0
2897, 62.0
2898, 65.0
2899, 62.0
2900, 66.0
2901, 64.0
2902, 61.0
2903, 64.0
2904, 68.0
2905, 63.0
2906, 65.0
2907, 61.0
2908, 63.0
2909, 62.0
2910, 65.0
2911, 64.0
2912, 64.0
2913, 65.0
2914, 63.0
2915, 70.0
2916, 65.0
2917, 66.0
2918, 66.0
2919, 65.0
2920, 67.0
2921, 60.0
2922, 66.0
2923, 66.0
2924, 62.0
2925, 64.0
2926, 66.0
2927, 67.0
2928, 67.0
2929, 65.0
2930, 65.0
2931, 64.0
2932, 62.0
2933, 64.0
2934, 65.0
2935, 67.0
2936, 68.0
2937, 65.0
2938, 65.0
2939, 64.0
2940, 62.0
2941, 63.0
2942, 68.0
2943, 67.0
2944, 61.0
2945, 68.0
2946, 67.0
2947, 64.0
2948, 62.0
2949, 62.0
2950, 66.0
2951, 62.0
2952, 62.0
2953, 68.0
2954, 63.0
2955, 64.0
2956, 63.0
2957, 62.0
2958, 65.0
2959, 65.0
2960, 65.0
2961, 66.0
2962, 65.0
2963, 65.0
2964, 66.0
2965, 62.0
2966, 64.0
2967, 64.0
2968, 69.0
2969, 61.0
2970, 63.0
2971, 63.0
2972, 65.0
2973, 65.0
2974, 67.0
2975, 66.0
2976, 58.0
2977, 63.0
2978, 65.0
2979, 62.0
2980, 68.0
2981, 70.0
2982, 63.0
2983, 59.0
2984, 68.0
2985, 61.0
2986, 68.0
2987, 67.0
2988, 65.0
2989, 58.0
2990, 68.0
2991, 68.0
2992, 65.0
2993, 65.0
2994, 63.0
2995, 68.0
2996, 64.0
2997, 67.0
2998, 66.0
2999, 65.0
3000, 68.0
3001, 65.0
3002, 65.0
3003, 69.0
3004, 65.0
3005, 64.0
3006, 66.0
3007, 64.0
3008, 66.0
3009, 66.0
3010, 65.0
3011, 59.0
3012, 66.0
3013, 68.0
3014, 66.0
3015, 68.0
3016, 69.0
3017, 64.0
3018, 65.0
3019, 66.0
3020, 63.0
3021, 61.0
3022, 62.0
3023, 66.0
3024, 65.0
3025, 67.0
3026, 64.0
3027, 65.0
3028, 65.0
3029, 61.0
3030, 68.0
3031, 60.0
3032, 64.0
3033, 65.0
3034, 64.0
3035, 63.0
3036, 61.0
3037, 67.0
3038, 66.0
3039, 63.0
3040, 68.0
3041, 68.0
3042, 64.0
3043, 72.0
3044, 63.0
3045, 63.0
3046, 67.0
3047, 63.0
3048, 64.0
3049, 63.0
3050, 68.0
3051, 63.0
3052, 64.0
3053, 67.0
3054, 65.0
3055, 68.0
3056, 61.0
3057, 71.0
3058, 64.0
3059, 63.0
3060, 64.0
3061, 65.0
3062, 64.0
3063, 65.0
3064, 66.0
3065, 63.0
3066, 68.0
3067, 62.0
3068, 63.0
3069, 62.0
3070, 65.0
3071, 67.0
3072, 66.0
3073, 66.0
3074, 64.0
3075, 65.0
3076, 65.0
3077, 64.0
3078, 65.0
3079, 69.0
3080, 67.0
3081, 60.0
3082, 68.0
3083, 62.0
3084, 64.0
3085, 62.0
3086, 65.0
3087, 65.0
3088, 62.0
3089, 69.0
3090, 66.0
3091, 63.0
3092, 64.0
3093, 64.0
3094, 60.0
3095, 64.0
3096, 63.0
3097, 62.0
3098, 65.0
3099, 66.0
3100, 63.0
3101, 60.0
3102, 61.0
3103, 63.0
3104, 62.0
3105, 66.0
3106, 64.0
3107, 64.0
3108, 69.0
3109, 65.0
3110, 69.0
3111, 62.0
3112, 63.0
3113, 68.0
3114, 66.0
3115, 68.0
3116, 64.0
3117, 66.0
3118, 71.0
3119, 65.0
3120, 64.0
3121, 65.0
3122, 64.0
3123, 65.0
3124, 66.0
3125, 63.0
3126, 62.0
3127, 61.0
3128, 68.0
3129, 64.0
3130, 66.0
3131, 68.0
3132, 66.0
3133, 60.0
3134, 69.0
3135, 64.0
3136, 61.0
3137, 64.0
3138, 64.0
3139, 70.0
3140, 66.0
3141, 67.0
3142, 63.0
3143, 68.0
3144, 62.0
3145, 69.0
3146, 66.0
3147, 66.0
3148, 64.0
3149, 65.0
3150, 63.0
3151, 70.0
3152, 67.0
3153, 61.0
3154, 64.0
3155, 68.0
3156, 68.0
3157, 65.0
3158, 68.0
3159, 62.0
3160, 67.0
3161, 64.0
3162, 67.0
3163, 63.0
3164, 68.0
3165, 61.0
3166, 63.0
3167, 64.0
3168, 60.0
3169, 62.0
3170, 68.0
3171, 63.0
3172, 68.0
3173, 64.0
3174, 70.0
3175, 65.0
3176, 64.0
3177, 64.0
3178, 64.0
3179, 66.0
3180, 66.0
3181, 64.0
3182, 66.0
3183, 59.0
3184, 64.0
3185, 69.0
3186, 68.0
3187, 66.0
3188, 68.0
3189, 64.0
3190, 62.0
3191, 65.0
3192, 67.0
3193, 66.0
3194, 63.0
3195, 61.0
3196, 66.0
3197, 60.0
3198, 66.0
3199, 60.0
3200, 65.0
3201, 66.0
3202, 65.0
3203, 63.0
3204, 63.0
3205, 65.0
3206, 65.0
3207, 67.0
3208, 64.0
3209, 62.0
3210, 62.0
3211, 66.0
3212, 63.0
3213, 64.0
3214, 65.0
3215, 62.0
3216, 62.0
3217, 63.0
3218, 63.0
3219, 66.0
3220, 67.0
3221, 65.0
3222, 64.0
3223, 63.0
3224, 61.0
3225, 65.0
3226, 63.0
3227, 67.0
3228, 64.0
3229, 67.0
3230, 65.0
3231, 64.0
3232, 64.0
3233, 63.0
3234, 66.0
3235, 68.0
3236, 64.0
3237, 67.0
3238, 64.0
3239, 71.0
3240, 66.0
3241, 67.0
3242, 66.0
3243, 63.0
3244, 69.0
3245, 66.0
3246, 65.0
3247, 65.0
3248, 69.0
3249, 64.0
3250, 65.0
3251, 68.0
3252, 63.0
3253, 61.0
3254, 62.0
3255, 63.0
3256, 62.0
3257, 64.0
3258, 67.0
3259, 56.0
3260, 64.0
3261, 66.0
3262, 63.0
3263, 66.0
3264, 61.0
3265, 64.0
3266, 62.0
3267, 66.0
3268, 67.0
3269, 63.0
3270, 64.0
3271, 67.0
3272, 71.0
3273, 65.0
3274, 66.0
3275, 66.0
3276, 64.0
3277, 69.0
3278, 64.0
3279, 65.0
3280, 64.0
3281, 63.0
3282, 63.0
3283, 67.0
3284, 68.0
3285, 66.0
3286, 66.0
3287, 68.0
3288, 64.0
3289, 58.0
3290, 70.0
3291, 62.0
3292, 66.0
3293, 68.0
3294, 59.0
3295, 67.0
3296, 63.0
3297, 65.0
3298, 68.0
3299, 63.0
3300, 62.0
3301, 64.0
3302, 63.0
3303, 64.0
3304, 65.0
3305, 57.0
3306, 67.0
3307, 68.0
3308, 61.0
3309, 68.0
3310, 63.0
3311, 64.0
3312, 64.0
3313, 62.0
3314, 65.0
3315, 66.0
3316, 69.0
3317, 63.0
3318, 63.0
3319, 64.0
3320, 66.0
3321, 64.0
3322, 63.0
3323, 63.0
3324, 65.0
3325, 67.0
3326, 63.0
3327, 60.0
3328, 66.0
3329, 65.0
3330, 64.0
3331, 63.0
3332, 65.0
3333, 66.0
3334, 66.0
3335, 62.0
3336, 66.0
3337, 65.0
3338, 68.0
3339, 66.0
3340, 67.0
3341, 65.0
3342, 68.0
3343, 65.0
3344, 65.0
3345, 64.0
3346, 66.0
3347, 62.0
3348, 68.0
3349, 66.0
3350, 65.0
3351, 60.0
3352, 62.0
3353, 65.0
3354, 67.0
3355, 66.0
3356, 65.0
3357, 67.0
3358, 67.0
3359, 63.0
3360, 68.0
3361, 67.0
3362, 65.0
3363, 65.0
3364, 65.0
3365, 68.0
3366, 66.0
3367, 64.0
3368, 66.0
3369, 62.0
3370, 68.0
3371, 63.0
3372, 68.0
3373, 69.0
3374, 64.0
3375, 59.0
3376, 66.0
3377, 64.0
3378, 63.0
3379, 66.0
3380, 63.0
3381, 66.0
3382, 63.0
3383, 64.0
3384, 65.0
3385, 66.0
3386, 61.0
3387, 62.0
3388, 65.0
3389, 61.0
3390, 66.0
3391, 60.0
3392, 65.0
3393, 68.0
3394, 63.0
3395, 64.0
3396, 68.0
3397, 67.0
3398, 68.0
3399, 64.0
3400, 68.0
3401, 69.0
3402, 62.0
3403, 66.0
3404, 65.0
3405, 62.0
3406, 66.0
3407, 66.0
3408, 63.0
3409, 69.0
3410, 63.0
3411, 64.0
3412, 65.0
3413, 61.0
3414, 65.0
3415, 61.0
3416, 66.0
3417, 61.0
3418, 65.0
3419, 63.0
3420, 69.0
3421, 68.0
3422, 64.0
3423, 67.0
3424, 61.0
3425, 63.0
3426, 65.0
3427, 64.0
3428, 65.0
3429, 67.0
3430, 65.0
3431, 62.0
3432, 69.0
3433, 67.0
3434, 64.0
3435, 64.0
3436, 65.0
3437, 60.0
3438, 68.0
3439, 63.0
3440, 66.0
3441, 63.0
3442, 60.0
3443, 64.0
3444, 61.0
3445, 65.0
3446, 68.0
3447, 63.0
3448, 65.0
3449, 64.0
3450, 67.0
3451, 65.0
3452, 64.0
3453, 65.0
3454, 63.0
3455, 64.0
3456, 66.0
3457, 68.0
3458, 67.0
3459, 68.0
3460, 65.0
3461, 62.0
3462, 65.0
3463, 61.0
3464, 67.0
3465, 65.0
3466, 62.0
3467, 63.0
3468, 66.0
3469, 63.0
3470, 64.0
3471, 63.0
3472, 65.0
3473, 61.0
3474, 64.0
3475, 61.0
3476, 59.0
3477, 64.0
3478, 70.0
3479, 66.0
3480, 63.0
3481, 65.0
3482, 69.0
3483, 66.0
3484, 67.0
3485, 63.0
3486, 67.0
3487, 60.0
3488, 68.0
3489, 67.0
3490, 67.0
3491, 66.0
3492, 67.0
3493, 66.0
3494, 68.0
3495, 63.0
3496, 67.0
3497, 66.0
3498, 66.0
3499, 66.0
3500, 65.0
3501, 60.0
3502, 64.0
3503, 64.0
3504, 62.0
3505, 63.0
3506, 67.0
3507, 65.0
3508, 65.0
3509, 59.0
3510, 63.0
3511, 68.0
3512, 64.0
3513, 65.0
3514, 66.0
3515, 61.0
3516, 61.0
3517, 66.0
3518, 66.0
3519, 66.0
3520, 63.0
3521, 65.0
3522, 62.0
3523, 63.0
3524, 63.0
3525, 64.0
3526, 62.0
3527, 63.0
3528, 66.0
3529, 63.0
3530, 68.0
3531, 66.0
3532, 66.0
3533, 64.0
3534, 67.0
3535, 67.0
3536, 63.0
3537, 66.0
3538, 63.0
3539, 65.0
3540, 65.0
3541, 69.0
3542, 66.0
3543, 68.0
3544, 68.0
3545, 71.0
3546, 63.0
3547, 66.0
3548, 65.0
3549, 62.0
3550, 63.0
3551, 62.0
3552, 65.0
3553, 65.0
3554, 65.0
3555, 64.0
3556, 65.0
3557, 68.0
3558, 66.0
3559, 67.0
3560, 67.0
3561, 66.0
3562, 65.0
3563, 65.0
3564, 67.0
3565, 64.0
3566, 68.0
3567, 65.0
3568, 64.0
3569, 61.0
3570, 63.0
3571, 66.0
3572, 67.0
3573, 63.0
3574, 61.0
3575, 68.0
3576, 63.0
3577, 66.0
3578, 63.0
3579, 66.0
3580, 70.0
3581, 60.0
3582, 62.0
3583, 64.0
3584, 66.0
3585, 68.0
3586, 62.0
3587, 61.0
3588, 65.0
3589, 66.0
3590, 65.0
3591, 61.0
3592, 66.0
3593, 70.0
3594, 65.0
3595, 64.0
3596, 62.0
3597, 61.0
3598, 64.0
3599, 60.0
3600, 67.0
3601, 64.0
3602, 68.0
3603, 65.0
3604, 68.0
3605, 67.0
3606, 65.0
3607, 65.0
3608, 64.0
3609, 66.0
3610, 64.0
3611, 67.0
3612, 66.0
3613, 63.0
3614, 65.0
3615, 63.0
3616, 69.0
3617, 66.0
3618, 66.0
3619, 68.0
3620, 64.0
3621, 66.0
3622, 65.0
3623, 62.0
3624, 66.0
3625, 64.0
3626, 66.0
3627, 67.0
3628, 65.0
3629, 67.0
3630, 65.0
3631, 59.0
3632, 67.0
3633, 63.0
3634, 68.0
3635, 63.0
3636, 63.0
3637, 67.0
3638, 63.0
3639, 65.0
3640, 63.0
3641, 62.0
3642, 64.0
3643, 64.0
3644, 67.0
3645, 68.0
3646, 65.0
3647,  1.0

