Single
3648
Scan 0,   
0, 79.0
1, 78.0
2, 77.0
3, 80.0
4, 83.0
5, 76.0
6, 76.0
7, 80.0
8, 77.0
9, 79.0
10, 80.0
11, 78.0
12, 78.0
13, 77.0
14, 80.0
15, 76.0
16, 76.0
17, 76.0
18, 76.0
19, 76.0
20, 81.0
21, 71.0
22, 80.0
23, 75.0
24, 84.0
25, 77.0
26, 80.0
27, 75.0
28, 83.0
29, 75.0
30, 78.0
31, 80.0
32, 76.0
33, 79.0
34, 84.0
35, 75.0
36, 78.0
37, 76.0
38, 80.0
39, 77.0
40, 76.0
41, 76.0
42, 79.0
43, 79.0
44, 78.0
45, 77.0
46, 77.0
47, 77.0
48, 81.0
49, 74.0
50, 73.0
51, 75.0
52, 79.0
53, 72.0
54, 80.0
55, 75.0
56, 79.0
57, 78.0
58, 79.0
59, 72.0
60, 79.0
61, 75.0
62, 79.0
63, 75.0
64, 78.0
65, 78.0
66, 75.0
67, 77.0
68, 75.0
69, 71.0
70, 75.0
71, 77.0
72, 79.0
73, 75.0
74, 78.0
75, 77.0
76, 78.0
77, 74.0
78, 79.0
79, 74.0
80, 80.0
81, 74.0
82, 76.0
83, 76.0
84, 78.0
85, 80.0
86, 80.0
87, 78.0
88, 80.0
89, 79.0
90, 76.0
91, 74.0
92, 76.0
93, 75.0
94, 79.0
95, 75.0
96, 79.0
97, 74.0
98, 80.0
99, 74.0
100, 80.0
101, 73.0
102, 74.0
103, 79.0
104, 77.0
105, 72.0
106, 78.0
107, 75.0
108, 78.0
109, 77.0
110, 77.0
111, 74.0
112, 76.0
113, 75.0
114, 78.0
115, 76.0
116, 79.0
117, 73.0
118, 78.0
119, 76.0
120, 76.0
121, 77.0
122, 81.0
123, 80.0
124, 78.0
125, 77.0
126, 73.0
127, 78.0
128, 82.0
129, 78.0
130, 79.0
131, 76.0
132, 83.0
133, 72.0
134, 77.0
135, 74.0
136, 78.0
137, 75.0
138, 78.0
139, 77.0
140, 79.0
141, 74.0
142, 76.0
143, 76.0
144, 79.0
145, 78.0
146, 82.0
147, 74.0
148, 80.0
149, 72.0
150, 81.0
151, 76.0
152, 80.0
153, 69.0
154, 83.0
155, 77.0
156, 78.0
157, 79.0
158, 75.0
159, 75.0
160, 78.0
161, 74.0
162, 78.0
163, 78.0
164, 77.0
165, 75.0
166, 78.0
167, 78.0
168, 77.0
169, 73.0
170, 81.0
171, 76.0
172, 78.0
173, 75.0
174, 80.0
175, 74.0
176, 84.0
177, 78.0
178, 73.0
179, 78.0
180, 77.0
181, 75.0
182, 78.0
183, 74.0
184, 76.0
185, 74.0
186, 76.0
187, 73.0
188, 80.0
189, 76.0
190, 77.0
191, 78.0
192, 73.0
193, 78.0
194, 83.0
195, 77.0
196, 80.0
197, 78.0
198, 74.0
199, 73.0
200, 81.0
201, 77.0
202, 79.0
203, 78.0
204, 79.0
205, 76.0
206, 83.0
207, 77.0
208, 80.0
209, 76.0
210, 78.0
211, 74.0
212, 80.0
213, 78.0
214, 79.0
215, 76.0
216, 80.0
217, 77.0
218, 79.0
219, 77.0
220, 83.0
221, 74.0
222, 79.0
223, 77.0
224, 78.0
225, 75.0
226, 77.0
227, 73.0
228, 76.0
229, 77.0
230, 83.0
231, 76.0
232, 75.0
233, 78.0
234, 78.0
235, 75.0
236, 82.0
237, 77.0
238, 80.0
239, 79.0
240, 76.0
241, 82.0
242, 77.0
243, 71.0
244, 79.0
245, 77.0
246, 82.0
247, 74.0
248, 75.0
249, 72.0
250, 81.0
251, 76.0
252, 78.0
253, 77.0
254, 81.0
255, 77.0
256, 73.0
257, 75.0
258, 79.0
259, 78.0
260, 78.0
261, 74.0
262, 79.0
263, 73.0
264, 81.0
265, 74.0
266, 81.0
267, 73.0
268, 79.0
269, 74.0
270, 81.0
271, 74.0
272, 78.0
273, 80.0
274, 76.0
275, 76.0
276, 77.0
277, 74.0
278, 77.0
279, 73.0
280, 79.0
281, 77.0
282, 72.0
283, 78.0
284, 83.0
285, 74.0
286, 74.0
287, 77.0
288, 78.0
289, 82.0
290, 77.0
291, 77.0
292, 79.0
293, 80.0
294, 77.0
295, 80.0
296, 75.0
297, 79.0
298, 76.0
299, 74.0
300, 80.0
301, 74.0
302, 80.0
303, 74.0
304, 75.0
305, 79.0
306, 77.0
307, 75.0
308, 77.0
309, 74.0
310, 79.0
311, 75.0
312, 80.0
313, 70.0
314, 83.0
315, 81.0
316, 80.0
317, 76.0
318, 77.0
319, 76.0
320, 80.0
321, 77.0
322, 76.0
323, 78.0
324, 78.0
325, 75.0
326, 78.0
327, 79.0
328, 76.0
329, 76.0
330, 79.0
331, 78.0
332, 80.0
333, 80.0
334, 76.0
335, 78.0
336, 81.0
337, 77.0
338, 77.0
339, 73.0
340, 78.0
341, 76.0
342, 80.0
343, 83.0
344, 82.0
345, 80.0
346, 78.0
347, 80.0
348, 78.0
349, 74.0
350, 80.0
351, 82.0
352, 79.0
353, 77.0
354, 81.0
355, 70.0
356, 77.0
357, 77.0
358, 84.0
359, 80.0
360, 77.0
361, 77.0
362, 80.0
363, 80.0
364, 85.0
365, 81.0
366, 81.0
367, 76.0
368, 73.0
369, 74.0
370, 75.0
371, 75.0
372, 77.0
373, 72.0
374, 78.0
375, 78.0
376, 80.0
377, 73.0
378, 80.0
379, 74.0
380, 73.0
381, 75.0
382, 79.0
383, 71.0
384, 79.0
385, 79.0
386, 80.0
387, 78.0
388, 77.0
389, 75.0
390, 82.0
391, 78.0
392, 78.0
393, 81.0
394, 81.0
395, 75.0
396, 75.0
397, 76.0
398, 79.0
399, 76.0
400, 76.0
401, 74.0
402, 79.0
403, 81.0
404, 75.0
405, 74.0
406, 78.0
407, 75.0
408, 76.0
409, 77.0
410, 82.0
411, 74.0
412, 77.0
413, 78.0
414, 78.0
415, 78.0
416, 75.0
417, 75.0
418, 81.0
419, 78.0
420, 82.0
421, 74.0
422, 80.0
423, 78.0
424, 78.0
425, 75.0
426, 78.0
427, 77.0
428, 77.0
429, 79.0
430, 80.0
431, 76.0
432, 73.0
433, 75.0
434, 76.0
435, 78.0
436, 77.0
437, 76.0
438, 82.0
439, 81.0
440, 78.0
441, 77.0
442, 78.0
443, 76.0
444, 79.0
445, 73.0
446, 81.0
447, 73.0
448, 84.0
449, 78.0
450, 74.0
451, 76.0
452, 79.0
453, 76.0
454, 79.0
455, 78.0
456, 79.0
457, 79.0
458, 77.0
459, 79.0
460, 80.0
461, 74.0
462, 78.0
463, 79.0
464, 78.0
465, 76.0
466, 82.0
467, 71.0
468, 81.0
469, 74.0
470, 84.0
471, 74.0
472, 76.0
473, 76.0
474, 79.0
475, 79.0
476, 77.0
477, 77.0
478, 75.0
479, 76.0
480, 77.0
481, 77.0
482, 80.0
483, 80.0
484, 77.0
485, 75.0
486, 77.0
487, 77.0
488, 79.0
489, 75.0
490, 78.0
491, 81.0
492, 79.0
493, 75.0
494, 76.0
495, 78.0
496, 78.0
497, 78.0
498, 76.0
499, 76.0
500, 79.0
501, 80.0
502, 77.0
503, 75.0
504, 84.0
505, 77.0
506, 78.0
507, 78.0
508, 81.0
509, 80.0
510, 83.0
511, 77.0
512, 77.0
513, 78.0
514, 78.0
515, 74.0
516, 77.0
517, 73.0
518, 72.0
519, 73.0
520, 80.0
521, 77.0
522, 78.0
523, 78.0
524, 77.0
525, 78.0
526, 78.0
527, 71.0
528, 83.0
529, 78.0
530, 82.0
531, 81.0
532, 79.0
533, 78.0
534, 76.0
535, 76.0
536, 78.0
537, 78.0
538, 84.0
539, 75.0
540, 80.0
541, 77.0
542, 79.0
543, 76.0
544, 78.0
545, 82.0
546, 77.0
547, 75.0
548, 79.0
549, 78.0
550, 84.0
551, 76.0
552, 84.0
553, 77.0
554, 81.0
555, 79.0
556, 80.0
557, 77.0
558, 80.0
559, 72.0
560, 72.0
561, 71.0
562, 79.0
563, 80.0
564, 77.0
565, 77.0
566, 76.0
567, 72.0
568, 74.0
569, 78.0
570, 82.0
571, 74.0
572, 84.0
573, 80.0
574, 79.0
575, 73.0
576, 76.0
577, 80.0
578, 75.0
579, 80.0
580, 83.0
581, 73.0
582, 77.0
583, 77.0
584, 76.0
585, 80.0
586, 75.0
587, 81.0
588, 81.0
589, 66.0
590, 79.0
591, 79.0
592, 77.0
593, 74.0
594, 79.0
595, 77.0
596, 78.0
597, 78.0
598, 76.0
599, 74.0
600, 77.0
601, 75.0
602, 78.0
603, 75.0
604, 74.0
605, 70.0
606, 76.0
607, 74.0
608, 80.0
609, 77.0
610, 84.0
611, 79.0
612, 78.0
613, 74.0
614, 81.0
615, 79.0
616, 79.0
617, 72.0
618, 82.0
619, 83.0
620, 78.0
621, 78.0
622, 77.0
623, 76.0
624, 81.0
625, 76.0
626, 76.0
627, 77.0
628, 81.0
629, 73.0
630, 78.0
631, 75.0
632, 79.0
633, 73.0
634, 78.0
635, 76.0
636, 82.0
637, 82.0
638, 81.0
639, 80.0
640, 80.0
641, 77.0
642, 80.0
643, 77.0
644, 79.0
645, 74.0
646, 74.0
647, 80.0
648, 77.0
649, 73.0
650, 80.0
651, 77.0
652, 79.0
653, 81.0
654, 81.0
655, 80.0
656, 82.0
657, 80.0
658, 80.0
659, 76.0
660, 77.0
661, 74.0
662, 78.0
663, 76.0
664, 80.0
665, 74.0
666, 80.0
667, 75.0
668, 81.0
669, 73.0
670, 78.0
671, 79.0
672, 80.0
673, 75.0
674, 80.0
675, 78.0
676, 78.0
677, 78.0
678, 80.0
679, 75.0
680, 82.0
681, 81.0
682, 71.0
683, 77.0
684, 77.0
685, 74.0
686, 80.0
687, 78.0
688, 81.0
689, 77.0
690, 77.0
691, 80.0
692, 77.0
693, 79.0
694, 77.0
695, 76.0
696, 83.0
697, 74.0
698, 79.0
699, 77.0
700, 80.0
701, 73.0
702, 75.0
703, 79.0
704, 79.0
705, 74.0
706, 77.0
707, 70.0
708, 84.0
709, 75.0
710, 79.0
711, 78.0
712, 75.0
713, 82.0
714, 77.0
715, 70.0
716, 76.0
717, 78.0
718, 80.0
719, 75.0
720, 80.0
721, 77.0
722, 83.0
723, 74.0
724, 82.0
725, 70.0
726, 76.0
727, 72.0
728, 80.0
729, 78.0
730, 82.0
731, 78.0
732, 80.0
733, 75.0
734, 82.0
735, 74.0
736, 82.0
737, 77.0
738, 78.0
739, 73.0
740, 78.0
741, 81.0
742, 83.0
743, 75.0
744, 77.0
745, 73.0
746, 81.0
747, 77.0
748, 80.0
749, 78.0
750, 78.0
751, 77.0
752, 83.0
753, 78.0
754, 80.0
755, 79.0
756, 79.0
757, 74.0
758, 80.0
759, 74.0
760, 80.0
761, 72.0
762, 80.0
763, 75.0
764, 79.0
765, 74.0
766, 82.0
767, 79.0
768, 74.0
769, 76.0
770, 77.0
771, 78.0
772, 77.0
773, 75.0
774, 79.0
775, 75.0
776, 75.0
777, 75.0
778, 78.0
779, 78.0
780, 82.0
781, 75.0
782, 79.0
783, 78.0
784, 78.0
785, 80.0
786, 80.0
787, 77.0
788, 81.0
789, 75.0
790, 81.0
791, 75.0
792, 81.0
793, 76.0
794, 78.0
795, 77.0
796, 81.0
797, 78.0
798, 79.0
799, 77.0
800, 77.0
801, 79.0
802, 80.0
803, 75.0
804, 80.0
805, 75.0
806, 79.0
807, 78.0
808, 76.0
809, 75.0
810, 79.0
811, 82.0
812, 81.0
813, 74.0
814, 82.0
815, 75.0
816, 80.0
817, 77.0
818, 82.0
819, 80.0
820, 76.0
821, 76.0
822, 77.0
823, 77.0
824, 78.0
825, 73.0
826, 72.0
827, 72.0
828, 80.0
829, 82.0
830, 80.0
831, 77.0
832, 75.0
833, 80.0
834, 83.0
835, 75.0
836, 74.0
837, 78.0
838, 81.0
839, 76.0
840, 78.0
841, 79.0
842, 77.0
843, 75.0
844, 79.0
845, 78.0
846, 77.0
847, 76.0
848, 80.0
849, 76.0
850, 81.0
851, 78.0
852, 76.0
853, 77.0
854, 75.0
855, 73.0
856, 78.0
857, 73.0
858, 76.0
859, 75.0
860, 82.0
861, 73.0
862, 76.0
863, 75.0
864, 78.0
865, 76.0
866, 77.0
867, 74.0
868, 78.0
869, 76.0
870, 76.0
871, 76.0
872, 74.0
873, 75.0
874, 76.0
875, 75.0
876, 80.0
877, 76.0
878, 78.0
879, 72.0
880, 79.0
881, 73.0
882, 77.0
883, 75.0
884, 82.0
885, 78.0
886, 80.0
887, 78.0
888, 73.0
889, 77.0
890, 80.0
891, 74.0
892, 77.0
893, 78.0
894, 82.0
895, 75.0
896, 80.0
897, 75.0
898, 78.0
899, 78.0
900, 75.0
901, 80.0
902, 78.0
903, 74.0
904, 79.0
905, 77.0
906, 76.0
907, 73.0
908, 80.0
909, 74.0
910, 77.0
911, 75.0
912, 78.0
913, 75.0
914, 77.0
915, 78.0
916, 82.0
917, 76.0
918, 80.0
919, 73.0
920, 77.0
921, 78.0
922, 82.0
923, 78.0
924, 77.0
925, 75.0
926, 81.0
927, 78.0
928, 76.0
929, 76.0
930, 77.0
931, 81.0
932, 78.0
933, 77.0
934, 77.0
935, 76.0
936, 77.0
937, 75.0
938, 79.0
939, 78.0
940, 79.0
941, 75.0
942, 80.0
943, 75.0
944, 81.0
945, 78.0
946, 76.0
947, 78.0
948, 78.0
949, 78.0
950, 78.0
951, 78.0
952, 78.0
953, 75.0
954, 77.0
955, 77.0
956, 78.0
957, 75.0
958, 78.0
959, 76.0
960, 79.0
961, 78.0
962, 80.0
963, 76.0
964, 81.0
965, 77.0
966, 75.0
967, 70.0
968, 80.0
969, 76.0
970, 77.0
971, 75.0
972, 76.0
973, 77.0
974, 84.0
975, 76.0
976, 77.0
977, 74.0
978, 78.0
979, 78.0
980, 78.0
981, 79.0
982, 80.0
983, 76.0
984, 80.0
985, 74.0
986, 78.0
987, 72.0
988, 79.0
989, 72.0
990, 82.0
991, 75.0
992, 74.0
993, 74.0
994, 75.0
995, 76.0
996, 75.0
997, 74.0
998, 76.0
999, 79.0
1000, 79.0
1001, 77.0
1002, 80.0
1003, 74.0
1004, 80.0
1005, 77.0
1006, 78.0
1007, 74.0
1008, 76.0
1009, 75.0
1010, 78.0
1011, 74.0
1012, 77.0
1013, 79.0
1014, 83.0
1015, 83.0
1016, 78.0
1017, 77.0
1018, 80.0
1019, 74.0
1020, 79.0
1021, 75.0
1022, 72.0
1023, 80.0
1024, 79.0
1025, 76.0
1026, 77.0
1027, 76.0
1028, 77.0
1029, 79.0
1030, 76.0
1031, 77.0
1032, 78.0
1033, 76.0
1034, 76.0
1035, 80.0
1036, 80.0
1037, 78.0
1038, 81.0
1039, 78.0
1040, 78.0
1041, 78.0
1042, 82.0
1043, 78.0
1044, 80.0
1045, 77.0
1046, 77.0
1047, 75.0
1048, 78.0
1049, 74.0
1050, 86.0
1051, 81.0
1052, 76.0
1053, 80.0
1054, 80.0
1055, 74.0
1056, 82.0
1057, 78.0
1058, 78.0
1059, 78.0
1060, 74.0
1061, 78.0
1062, 77.0
1063, 77.0
1064, 80.0
1065, 76.0
1066, 80.0
1067, 75.0
1068, 78.0
1069, 77.0
1070, 81.0
1071, 81.0
1072, 80.0
1073, 78.0
1074, 77.0
1075, 75.0
1076, 81.0
1077, 81.0
1078, 82.0
1079, 75.0
1080, 80.0
1081, 79.0
1082, 84.0
1083, 74.0
1084, 80.0
1085, 75.0
1086, 83.0
1087, 75.0
1088, 81.0
1089, 77.0
1090, 78.0
1091, 75.0
1092, 77.0
1093, 73.0
1094, 79.0
1095, 74.0
1096, 81.0
1097, 78.0
1098, 81.0
1099, 76.0
1100, 81.0
1101, 76.0
1102, 76.0
1103, 79.0
1104, 81.0
1105, 80.0
1106, 80.0
1107, 76.0
1108, 81.0
1109, 74.0
1110, 76.0
1111, 76.0
1112, 79.0
1113, 76.0
1114, 80.0
1115, 77.0
1116, 78.0
1117, 76.0
1118, 77.0
1119, 73.0
1120, 82.0
1121, 80.0
1122, 84.0
1123, 78.0
1124, 79.0
1125, 77.0
1126, 80.0
1127, 76.0
1128, 80.0
1129, 78.0
1130, 78.0
1131, 76.0
1132, 80.0
1133, 75.0
1134, 82.0
1135, 77.0
1136, 80.0
1137, 77.0
1138, 80.0
1139, 75.0
1140, 80.0
1141, 75.0
1142, 76.0
1143, 77.0
1144, 78.0
1145, 79.0
1146, 80.0
1147, 81.0
1148, 76.0
1149, 79.0
1150, 78.0
1151, 74.0
1152, 85.0
1153, 77.0
1154, 82.0
1155, 78.0
1156, 77.0
1157, 73.0
1158, 81.0
1159, 73.0
1160, 78.0
1161, 77.0
1162, 77.0
1163, 76.0
1164, 74.0
1165, 80.0
1166, 76.0
1167, 72.0
1168, 76.0
1169, 74.0
1170, 80.0
1171, 80.0
1172, 80.0
1173, 76.0
1174, 78.0
1175, 75.0
1176, 78.0
1177, 76.0
1178, 83.0
1179, 85.0
1180, 76.0
1181, 76.0
1182, 79.0
1183, 80.0
1184, 80.0
1185, 74.0
1186, 75.0
1187, 77.0
1188, 82.0
1189, 77.0
1190, 79.0
1191, 74.0
1192, 80.0
1193, 79.0
1194, 79.0
1195, 73.0
1196, 82.0
1197, 80.0
1198, 81.0
1199, 78.0
1200, 80.0
1201, 75.0
1202, 78.0
1203, 83.0
1204, 79.0
1205, 76.0
1206, 82.0
1207, 73.0
1208, 80.0
1209, 79.0
1210, 79.0
1211, 79.0
1212, 77.0
1213, 78.0
1214, 75.0
1215, 75.0
1216, 80.0
1217, 72.0
1218, 81.0
1219, 75.0
1220, 81.0
1221, 75.0
1222, 77.0
1223, 72.0
1224, 75.0
1225, 79.0
1226, 78.0
1227, 72.0
1228, 76.0
1229, 80.0
1230, 78.0
1231, 77.0
1232, 78.0
1233, 78.0
1234, 80.0
1235, 75.0
1236, 81.0
1237, 78.0
1238, 78.0
1239, 79.0
1240, 81.0
1241, 78.0
1242, 76.0
1243, 80.0
1244, 75.0
1245, 80.0
1246, 74.0
1247, 76.0
1248, 80.0
1249, 72.0
1250, 77.0
1251, 77.0
1252, 80.0
1253, 80.0
1254, 77.0
1255, 82.0
1256, 76.0
1257, 73.0
1258, 77.0
1259, 76.0
1260, 78.0
1261, 82.0
1262, 79.0
1263, 78.0
1264, 76.0
1265, 81.0
1266, 77.0
1267, 73.0
1268, 78.0
1269, 76.0
1270, 76.0
1271, 78.0
1272, 75.0
1273, 76.0
1274, 81.0
1275, 76.0
1276, 78.0
1277, 74.0
1278, 78.0
1279, 82.0
1280, 80.0
1281, 79.0
1282, 80.0
1283, 74.0
1284, 78.0
1285, 74.0
1286, 78.0
1287, 73.0
1288, 84.0
1289, 76.0
1290, 78.0
1291, 74.0
1292, 77.0
1293, 73.0
1294, 78.0
1295, 74.0
1296, 80.0
1297, 75.0
1298, 79.0
1299, 78.0
1300, 78.0
1301, 77.0
1302, 77.0
1303, 76.0
1304, 84.0
1305, 79.0
1306, 80.0
1307, 76.0
1308, 83.0
1309, 80.0
1310, 81.0
1311, 79.0
1312, 81.0
1313, 78.0
1314, 80.0
1315, 75.0
1316, 78.0
1317, 77.0
1318, 75.0
1319, 80.0
1320, 80.0
1321, 78.0
1322, 82.0
1323, 78.0
1324, 83.0
1325, 74.0
1326, 75.0
1327, 77.0
1328, 81.0
1329, 77.0
1330, 81.0
1331, 75.0
1332, 81.0
1333, 81.0
1334, 78.0
1335, 76.0
1336, 79.0
1337, 75.0
1338, 79.0
1339, 76.0
1340, 80.0
1341, 79.0
1342, 71.0
1343, 79.0
1344, 80.0
1345, 78.0
1346, 81.0
1347, 77.0
1348, 80.0
1349, 77.0
1350, 82.0
1351, 75.0
1352, 76.0
1353, 79.0
1354, 75.0
1355, 74.0
1356, 77.0
1357, 73.0
1358, 78.0
1359, 74.0
1360, 78.0
1361, 78.0
1362, 77.0
1363, 76.0
1364, 82.0
1365, 81.0
1366, 80.0
1367, 77.0
1368, 75.0
1369, 81.0
1370, 79.0
1371, 77.0
1372, 78.0
1373, 76.0
1374, 82.0
1375, 75.0
1376, 81.0
1377, 79.0
1378, 79.0
1379, 78.0
1380, 83.0
1381, 75.0
1382, 77.0
1383, 77.0
1384, 76.0
1385, 73.0
1386, 78.0
1387, 74.0
1388, 80.0
1389, 78.0
1390, 79.0
1391, 80.0
1392, 78.0
1393, 76.0
1394, 77.0
1395, 78.0
1396, 80.0
1397, 77.0
1398, 82.0
1399, 73.0
1400, 84.0
1401, 79.0
1402, 82.0
1403, 78.0
1404, 78.0
1405, 73.0
1406, 77.0
1407, 80.0
1408, 76.0
1409, 78.0
1410, 74.0
1411, 73.0
1412, 78.0
1413, 79.0
1414, 79.0
1415, 75.0
1416, 75.0
1417, 77.0
1418, 76.0
1419, 78.0
1420, 79.0
1421, 77.0
1422, 81.0
1423, 76.0
1424, 78.0
1425, 76.0
1426, 77.0
1427, 79.0
1428, 74.0
1429, 77.0
1430, 76.0
1431, 78.0
1432, 79.0
1433, 73.0
1434, 75.0
1435, 79.0
1436, 77.0
1437, 78.0
1438, 76.0
1439, 77.0
1440, 79.0
1441, 72.0
1442, 76.0
1443, 72.0
1444, 74.0
1445, 82.0
1446, 81.0
1447, 75.0
1448, 78.0
1449, 79.0
1450, 78.0
1451, 74.0
1452, 78.0
1453, 83.0
1454, 81.0
1455, 76.0
1456, 79.0
1457, 74.0
1458, 79.0
1459, 71.0
1460, 81.0
1461, 78.0
1462, 80.0
1463, 79.0
1464, 76.0
1465, 76.0
1466, 79.0
1467, 75.0
1468, 82.0
1469, 75.0
1470, 80.0
1471, 80.0
1472, 77.0
1473, 78.0
1474, 80.0
1475, 79.0
1476, 75.0
1477, 78.0
1478, 77.0
1479, 77.0
1480, 74.0
1481, 70.0
1482, 80.0
1483, 77.0
1484, 81.0
1485, 76.0
1486, 79.0
1487, 73.0
1488, 81.0
1489, 79.0
1490, 81.0
1491, 76.0
1492, 81.0
1493, 76.0
1494, 77.0
1495, 78.0
1496, 82.0
1497, 73.0
1498, 79.0
1499, 76.0
1500, 78.0
1501, 78.0
1502, 77.0
1503, 77.0
1504, 78.0
1505, 78.0
1506, 80.0
1507, 84.0
1508, 76.0
1509, 80.0
1510, 80.0
1511, 81.0
1512, 78.0
1513, 72.0
1514, 80.0
1515, 75.0
1516, 78.0
1517, 78.0
1518, 79.0
1519, 76.0
1520, 80.0
1521, 79.0
1522, 81.0
1523, 75.0
1524, 78.0
1525, 77.0
1526, 79.0
1527, 77.0
1528, 81.0
1529, 70.0
1530, 79.0
1531, 78.0
1532, 83.0
1533, 81.0
1534, 83.0
1535, 78.0
1536, 80.0
1537, 76.0
1538, 76.0
1539, 79.0
1540, 81.0
1541, 78.0
1542, 79.0
1543, 77.0
1544, 80.0
1545, 73.0
1546, 82.0
1547, 75.0
1548, 80.0
1549, 79.0
1550, 79.0
1551, 80.0
1552, 80.0
1553, 79.0
1554, 81.0
1555, 82.0
1556, 80.0
1557, 77.0
1558, 79.0
1559, 76.0
1560, 84.0
1561, 75.0
1562, 83.0
1563, 77.0
1564, 83.0
1565, 78.0
1566, 82.0
1567, 80.0
1568, 76.0
1569, 77.0
1570, 79.0
1571, 78.0
1572, 80.0
1573, 79.0
1574, 75.0
1575, 81.0
1576, 78.0
1577, 78.0
1578, 76.0
1579, 76.0
1580, 83.0
1581, 77.0
1582, 76.0
1583, 77.0
1584, 82.0
1585, 77.0
1586, 82.0
1587, 74.0
1588, 80.0
1589, 80.0
1590, 81.0
1591, 81.0
1592, 83.0
1593, 76.0
1594, 82.0
1595, 78.0
1596, 81.0
1597, 80.0
1598, 82.0
1599, 83.0
1600, 79.0
1601, 80.0
1602, 81.0
1603, 76.0
1604, 81.0
1605, 79.0
1606, 82.0
1607, 79.0
1608, 83.0
1609, 80.0
1610, 83.0
1611, 80.0
1612, 83.0
1613, 77.0
1614, 84.0
1615, 86.0
1616, 81.0
1617, 74.0
1618, 81.0
1619, 78.0
1620, 77.0
1621, 78.0
1622, 81.0
1623, 74.0
1624, 83.0
1625, 77.0
1626, 82.0
1627, 81.0
1628, 82.0
1629, 80.0
1630, 81.0
1631, 76.0
1632, 84.0
1633, 78.0
1634, 80.0
1635, 79.0
1636, 77.0
1637, 89.0
1638, 85.0
1639, 83.0
1640, 80.0
1641, 81.0
1642, 77.0
1643, 84.0
1644, 84.0
1645, 80.0
1646, 83.0
1647, 79.0
1648, 82.0
1649, 80.0
1650, 84.0
1651, 77.0
1652, 80.0
1653, 78.0
1654, 83.0
1655, 82.0
1656, 82.0
1657, 82.0
1658, 77.0
1659, 81.0
1660, 80.0
1661, 72.0
1662, 79.0
1663, 80.0
1664, 82.0
1665, 81.0
1666, 86.0
1667, 80.0
1668, 88.0
1669, 82.0
1670, 84.0
1671, 80.0
1672, 85.0
1673, 80.0
1674, 85.0
1675, 85.0
1676, 81.0
1677, 86.0
1678, 86.0
1679, 83.0
1680, 84.0
1681, 80.0
1682, 87.0
1683, 79.0
1684, 86.0
1685, 86.0
1686, 84.0
1687, 80.0
1688, 85.0
1689, 82.0
1690, 88.0
1691, 85.0
1692, 87.0
1693, 87.0
1694, 86.0
1695, 80.0
1696, 90.0
1697, 85.0
1698, 85.0
1699, 84.0
1700, 87.0
1701, 79.0
1702, 91.0
1703, 87.0
1704, 89.0
1705, 83.0
1706, 84.0
1707, 82.0
1708, 89.0
1709, 85.0
1710, 85.0
1711, 81.0
1712, 87.0
1713, 87.0
1714, 87.0
1715, 86.0
1716, 89.0
1717, 85.0
1718, 91.0
1719, 93.0
1720, 91.0
1721, 87.0
1722, 87.0
1723, 90.0
1724, 94.0
1725, 91.0
1726, 88.0
1727, 88.0
1728, 97.0
1729, 89.0
1730, 89.0
1731, 91.0
1732, 95.0
1733, 93.0
1734, 93.0
1735, 90.0
1736, 86.0
1737, 91.0
1738, 95.0
1739, 94.0
1740, 95.0
1741, 91.0
1742, 92.0
1743, 87.0
1744, 91.0
1745, 97.0
1746, 99.0
1747, 99.0
1748,102.0
1749,106.0
1750,103.0
1751,105.0
1752,105.0
1753,104.0
1754,108.0
1755,106.0
1756,112.0
1757,117.0
1758,120.0
1759,121.0
1760,122.0
1761,118.0
1762,116.0
1763,114.0
1764,125.0
1765,122.0
1766,127.0
1767,129.0
1768,147.0
1769,143.0
1770,148.0
1771,133.0
1772,132.0
1773,131.0
1774,145.0
1775,154.0
1776,185.0
1777,190.0
1778,196.0
1779,182.0
1780,186.0
1781,186.0
1782,232.0
1783,298.0
1784,400.0
1785,438.0
1786,393.0
1787,344.0
1788,417.0
1789,659.0
1790,1116.0
1791,1694.0
1792,2372.0
1793,2987.0
1794,3488.0
1795,3613.0
1796,3562.0
1797,3037.0
1798,2162.0
1799,1186.0
1800,574.0
1801,312.0
1802,308.0
1803,334.0
1804,348.0
1805,294.0
1806,269.0
1807,208.0
1808,169.0
1809,150.0
1810,151.0
1811,143.0
1812,163.0
1813,163.0
1814,182.0
1815,157.0
1816,164.0
1817,142.0
1818,143.0
1819,123.0
1820,126.0
1821,126.0
1822,129.0
1823,126.0
1824,134.0
1825,126.0
1826,132.0
1827,125.0
1828,127.0
1829,113.0
1830,119.0
1831,109.0
1832,114.0
1833,109.0
1834,109.0
1835,103.0
1836,111.0
1837,108.0
1838,110.0
1839,101.0
1840,107.0
1841,107.0
1842,111.0
1843,106.0
1844,103.0
1845, 99.0
1846,103.0
1847, 97.0
1848, 97.0
1849, 99.0
1850,104.0
1851, 93.0
1852,103.0
1853, 93.0
1854, 95.0
1855, 94.0
1856, 94.0
1857, 89.0
1858, 95.0
1859, 97.0
1860, 94.0
1861, 92.0
1862, 91.0
1863, 92.0
1864, 93.0
1865, 92.0
1866, 93.0
1867, 94.0
1868, 89.0
1869, 90.0
1870, 96.0
1871, 89.0
1872, 91.0
1873, 87.0
1874, 94.0
1875, 87.0
1876, 85.0
1877, 90.0
1878, 88.0
1879, 86.0
1880, 87.0
1881, 81.0
1882, 87.0
1883, 89.0
1884, 93.0
1885, 80.0
1886, 90.0
1887, 84.0
1888, 88.0
1889, 84.0
1890, 88.0
1891, 85.0
1892, 88.0
1893, 81.0
1894, 87.0
1895, 83.0
1896, 86.0
1897, 83.0
1898, 81.0
1899, 78.0
1900, 89.0
1901, 80.0
1902, 84.0
1903, 85.0
1904, 90.0
1905, 85.0
1906, 84.0
1907, 78.0
1908, 83.0
1909, 82.0
1910, 84.0
1911, 80.0
1912, 86.0
1913, 78.0
1914, 86.0
1915, 84.0
1916, 86.0
1917, 84.0
1918, 81.0
1919, 84.0
1920, 81.0
1921, 80.0
1922, 81.0
1923, 82.0
1924, 84.0
1925, 80.0
1926, 84.0
1927, 82.0
1928, 83.0
1929, 83.0
1930, 88.0
1931, 82.0
1932, 82.0
1933, 77.0
1934, 81.0
1935, 81.0
1936, 83.0
1937, 80.0
1938, 90.0
1939, 84.0
1940, 87.0
1941, 79.0
1942, 85.0
1943, 83.0
1944, 83.0
1945, 81.0
1946, 83.0
1947, 83.0
1948, 83.0
1949, 78.0
1950, 86.0
1951, 82.0
1952, 81.0
1953, 75.0
1954, 83.0
1955, 79.0
1956, 80.0
1957, 75.0
1958, 82.0
1959, 78.0
1960, 79.0
1961, 77.0
1962, 76.0
1963, 78.0
1964, 84.0
1965, 78.0
1966, 78.0
1967, 80.0
1968, 86.0
1969, 77.0
1970, 83.0
1971, 77.0
1972, 83.0
1973, 79.0
1974, 80.0
1975, 81.0
1976, 79.0
1977, 82.0
1978, 82.0
1979, 76.0
1980, 82.0
1981, 83.0
1982, 81.0
1983, 80.0
1984, 77.0
1985, 77.0
1986, 83.0
1987, 79.0
1988, 78.0
1989, 80.0
1990, 83.0
1991, 80.0
1992, 84.0
1993, 78.0
1994, 75.0
1995, 77.0
1996, 80.0
1997, 76.0
1998, 84.0
1999, 81.0
2000, 78.0
2001, 77.0
2002, 78.0
2003, 77.0
2004, 84.0
2005, 75.0
2006, 80.0
2007, 75.0
2008, 82.0
2009, 78.0
2010, 77.0
2011, 74.0
2012, 81.0
2013, 77.0
2014, 80.0
2015, 79.0
2016, 82.0
2017, 75.0
2018, 79.0
2019, 80.0
2020, 80.0
2021, 79.0
2022, 78.0
2023, 76.0
2024, 75.0
2025, 78.0
2026, 81.0
2027, 77.0
2028, 80.0
2029, 79.0
2030, 82.0
2031, 78.0
2032, 82.0
2033, 79.0
2034, 84.0
2035, 78.0
2036, 82.0
2037, 77.0
2038, 76.0
2039, 75.0
2040, 81.0
2041, 77.0
2042, 80.0
2043, 79.0
2044, 84.0
2045, 80.0
2046, 80.0
2047, 77.0
2048, 86.0
2049, 78.0
2050, 78.0
2051, 79.0
2052, 80.0
2053, 81.0
2054, 80.0
2055, 80.0
2056, 81.0
2057, 75.0
2058, 80.0
2059, 78.0
2060, 79.0
2061, 75.0
2062, 80.0
2063, 70.0
2064, 77.0
2065, 84.0
2066, 84.0
2067, 77.0
2068, 81.0
2069, 74.0
2070, 80.0
2071, 79.0
2072, 80.0
2073, 75.0
2074, 80.0
2075, 75.0
2076, 78.0
2077, 78.0
2078, 80.0
2079, 75.0
2080, 79.0
2081, 78.0
2082, 79.0
2083, 77.0
2084, 83.0
2085, 82.0
2086, 79.0
2087, 75.0
2088, 80.0
2089, 78.0
2090, 81.0
2091, 72.0
2092, 85.0
2093, 79.0
2094, 79.0
2095, 78.0
2096, 80.0
2097, 77.0
2098, 78.0
2099, 74.0
2100, 82.0
2101, 80.0
2102, 83.0
2103, 77.0
2104, 80.0
2105, 76.0
2106, 74.0
2107, 77.0
2108, 80.0
2109, 80.0
2110, 79.0
2111, 77.0
2112, 80.0
2113, 79.0
2114, 79.0
2115, 75.0
2116, 79.0
2117, 77.0
2118, 81.0
2119, 81.0
2120, 80.0
2121, 74.0
2122, 79.0
2123, 76.0
2124, 82.0
2125, 78.0
2126, 79.0
2127, 77.0
2128, 82.0
2129, 82.0
2130, 83.0
2131, 75.0
2132, 77.0
2133, 79.0
2134, 80.0
2135, 73.0
2136, 78.0
2137, 83.0
2138, 80.0
2139, 80.0
2140, 77.0
2141, 78.0
2142, 79.0
2143, 75.0
2144, 78.0
2145, 76.0
2146, 81.0
2147, 79.0
2148, 80.0
2149, 78.0
2150, 76.0
2151, 79.0
2152, 77.0
2153, 82.0
2154, 78.0
2155, 77.0
2156, 82.0
2157, 78.0
2158, 77.0
2159, 74.0
2160, 80.0
2161, 77.0
2162, 81.0
2163, 82.0
2164, 76.0
2165, 78.0
2166, 77.0
2167, 78.0
2168, 78.0
2169, 79.0
2170, 77.0
2171, 81.0
2172, 80.0
2173, 71.0
2174, 79.0
2175, 80.0
2176, 79.0
2177, 76.0
2178, 80.0
2179, 76.0
2180, 79.0
2181, 80.0
2182, 78.0
2183, 75.0
2184, 81.0
2185, 80.0
2186, 81.0
2187, 74.0
2188, 77.0
2189, 77.0
2190, 81.0
2191, 79.0
2192, 78.0
2193, 77.0
2194, 84.0
2195, 74.0
2196, 76.0
2197, 77.0
2198, 86.0
2199, 75.0
2200, 80.0
2201, 79.0
2202, 78.0
2203, 76.0
2204, 80.0
2205, 77.0
2206, 80.0
2207, 81.0
2208, 79.0
2209, 84.0
2210, 80.0
2211, 78.0
2212, 81.0
2213, 77.0
2214, 78.0
2215, 76.0
2216, 74.0
2217, 75.0
2218, 76.0
2219, 75.0
2220, 78.0
2221, 80.0
2222, 78.0
2223, 77.0
2224, 81.0
2225, 77.0
2226, 76.0
2227, 79.0
2228, 78.0
2229, 78.0
2230, 87.0
2231, 72.0
2232, 77.0
2233, 75.0
2234, 78.0
2235, 81.0
2236, 82.0
2237, 78.0
2238, 80.0
2239, 76.0
2240, 79.0
2241, 75.0
2242, 78.0
2243, 74.0
2244, 80.0
2245, 78.0
2246, 75.0
2247, 79.0
2248, 83.0
2249, 81.0
2250, 81.0
2251, 73.0
2252, 81.0
2253, 78.0
2254, 77.0
2255, 78.0
2256, 84.0
2257, 82.0
2258, 78.0
2259, 77.0
2260, 80.0
2261, 77.0
2262, 82.0
2263, 78.0
2264, 83.0
2265, 77.0
2266, 75.0
2267, 75.0
2268, 76.0
2269, 74.0
2270, 80.0
2271, 76.0
2272, 79.0
2273, 79.0
2274, 75.0
2275, 73.0
2276, 79.0
2277, 78.0
2278, 76.0
2279, 75.0
2280, 80.0
2281, 74.0
2282, 81.0
2283, 77.0
2284, 83.0
2285, 75.0
2286, 81.0
2287, 80.0
2288, 83.0
2289, 81.0
2290, 79.0
2291, 80.0
2292, 79.0
2293, 78.0
2294, 74.0
2295, 79.0
2296, 79.0
2297, 75.0
2298, 81.0
2299, 77.0
2300, 83.0
2301, 78.0
2302, 78.0
2303, 75.0
2304, 83.0
2305, 77.0
2306, 84.0
2307, 74.0
2308, 80.0
2309, 79.0
2310, 82.0
2311, 74.0
2312, 84.0
2313, 75.0
2314, 82.0
2315, 75.0
2316, 78.0
2317, 79.0
2318, 80.0
2319, 77.0
2320, 77.0
2321, 81.0
2322, 81.0
2323, 77.0
2324, 78.0
2325, 80.0
2326, 80.0
2327, 76.0
2328, 72.0
2329, 77.0
2330, 78.0
2331, 73.0
2332, 80.0
2333, 79.0
2334, 82.0
2335, 76.0
2336, 75.0
2337, 75.0
2338, 80.0
2339, 80.0
2340, 76.0
2341, 74.0
2342, 78.0
2343, 78.0
2344, 82.0
2345, 77.0
2346, 80.0
2347, 79.0
2348, 80.0
2349, 77.0
2350, 77.0
2351, 75.0
2352, 77.0
2353, 80.0
2354, 83.0
2355, 77.0
2356, 82.0
2357, 78.0
2358, 81.0
2359, 76.0
2360, 79.0
2361, 77.0
2362, 80.0
2363, 73.0
2364, 80.0
2365, 74.0
2366, 78.0
2367, 75.0
2368, 84.0
2369, 74.0
2370, 81.0
2371, 74.0
2372, 79.0
2373, 77.0
2374, 79.0
2375, 77.0
2376, 78.0
2377, 74.0
2378, 75.0
2379, 70.0
2380, 78.0
2381, 74.0
2382, 79.0
2383, 77.0
2384, 80.0
2385, 78.0
2386, 74.0
2387, 76.0
2388, 81.0
2389, 74.0
2390, 79.0
2391, 79.0
2392, 77.0
2393, 80.0
2394, 78.0
2395, 79.0
2396, 79.0
2397, 76.0
2398, 78.0
2399, 75.0
2400, 80.0
2401, 78.0
2402, 80.0
2403, 74.0
2404, 78.0
2405, 76.0
2406, 77.0
2407, 83.0
2408, 80.0
2409, 80.0
2410, 77.0
2411, 77.0
2412, 74.0
2413, 74.0
2414, 79.0
2415, 80.0
2416, 77.0
2417, 75.0
2418, 77.0
2419, 78.0
2420, 77.0
2421, 76.0
2422, 81.0
2423, 77.0
2424, 77.0
2425, 78.0
2426, 77.0
2427, 70.0
2428, 78.0
2429, 76.0
2430, 79.0
2431, 79.0
2432, 84.0
2433, 76.0
2434, 80.0
2435, 79.0
2436, 80.0
2437, 80.0
2438, 81.0
2439, 76.0
2440, 81.0
2441, 78.0
2442, 78.0
2443, 76.0
2444, 80.0
2445, 78.0
2446, 80.0
2447, 77.0
2448, 79.0
2449, 78.0
2450, 80.0
2451, 72.0
2452, 77.0
2453, 75.0
2454, 81.0
2455, 80.0
2456, 75.0
2457, 79.0
2458, 84.0
2459, 78.0
2460, 78.0
2461, 79.0
2462, 80.0
2463, 79.0
2464, 84.0
2465, 76.0
2466, 73.0
2467, 73.0
2468, 78.0
2469, 77.0
2470, 77.0
2471, 80.0
2472, 79.0
2473, 74.0
2474, 80.0
2475, 75.0
2476, 83.0
2477, 77.0
2478, 84.0
2479, 78.0
2480, 82.0
2481, 74.0
2482, 84.0
2483, 80.0
2484, 77.0
2485, 79.0
2486, 80.0
2487, 83.0
2488, 74.0
2489, 77.0
2490, 83.0
2491, 80.0
2492, 76.0
2493, 80.0
2494, 80.0
2495, 73.0
2496, 80.0
2497, 77.0
2498, 81.0
2499, 81.0
2500, 79.0
2501, 74.0
2502, 85.0
2503, 81.0
2504, 79.0
2505, 78.0
2506, 82.0
2507, 78.0
2508, 79.0
2509, 75.0
2510, 78.0
2511, 76.0
2512, 85.0
2513, 77.0
2514, 82.0
2515, 77.0
2516, 79.0
2517, 74.0
2518, 80.0
2519, 80.0
2520, 79.0
2521, 79.0
2522, 76.0
2523, 77.0
2524, 77.0
2525, 74.0
2526, 83.0
2527, 76.0
2528, 76.0
2529, 81.0
2530, 80.0
2531, 76.0
2532, 77.0
2533, 76.0
2534, 80.0
2535, 76.0
2536, 86.0
2537, 77.0
2538, 78.0
2539, 83.0
2540, 83.0
2541, 77.0
2542, 81.0
2543, 77.0
2544, 79.0
2545, 77.0
2546, 78.0
2547, 78.0
2548, 82.0
2549, 76.0
2550, 79.0
2551, 78.0
2552, 79.0
2553, 77.0
2554, 79.0
2555, 78.0
2556, 77.0
2557, 77.0
2558, 75.0
2559, 77.0
2560, 73.0
2561, 74.0
2562, 77.0
2563, 80.0
2564, 80.0
2565, 77.0
2566, 82.0
2567, 76.0
2568, 79.0
2569, 76.0
2570, 78.0
2571, 78.0
2572, 77.0
2573, 78.0
2574, 84.0
2575, 82.0
2576, 78.0
2577, 78.0
2578, 82.0
2579, 77.0
2580, 81.0
2581, 78.0
2582, 80.0
2583, 77.0
2584, 80.0
2585, 80.0
2586, 83.0
2587, 78.0
2588, 76.0
2589, 74.0
2590, 75.0
2591, 76.0
2592, 79.0
2593, 75.0
2594, 83.0
2595, 74.0
2596, 85.0
2597, 75.0
2598, 81.0
2599, 75.0
2600, 78.0
2601, 78.0
2602, 81.0
2603, 84.0
2604, 80.0
2605, 74.0
2606, 78.0
2607, 78.0
2608, 78.0
2609, 74.0
2610, 82.0
2611, 75.0
2612, 81.0
2613, 79.0
2614, 79.0
2615, 75.0
2616, 80.0
2617, 74.0
2618, 83.0
2619, 77.0
2620, 85.0
2621, 74.0
2622, 79.0
2623, 76.0
2624, 80.0
2625, 77.0
2626, 82.0
2627, 78.0
2628, 77.0
2629, 74.0
2630, 72.0
2631, 82.0
2632, 75.0
2633, 76.0
2634, 80.0
2635, 76.0
2636, 79.0
2637, 78.0
2638, 82.0
2639, 78.0
2640, 74.0
2641, 78.0
2642, 79.0
2643, 79.0
2644, 79.0
2645, 80.0
2646, 76.0
2647, 81.0
2648, 80.0
2649, 78.0
2650, 81.0
2651, 79.0
2652, 77.0
2653, 80.0
2654, 83.0
2655, 76.0
2656, 80.0
2657, 76.0
2658, 75.0
2659, 78.0
2660, 80.0
2661, 75.0
2662, 82.0
2663, 83.0
2664, 83.0
2665, 80.0
2666, 76.0
2667, 79.0
2668, 77.0
2669, 71.0
2670, 82.0
2671, 74.0
2672, 79.0
2673, 77.0
2674, 77.0
2675, 79.0
2676, 82.0
2677, 77.0
2678, 79.0
2679, 74.0
2680, 78.0
2681, 77.0
2682, 77.0
2683, 76.0
2684, 78.0
2685, 75.0
2686, 75.0
2687, 77.0
2688, 80.0
2689, 75.0
2690, 80.0
2691, 77.0
2692, 77.0
2693, 76.0
2694, 76.0
2695, 75.0
2696, 81.0
2697, 78.0
2698, 82.0
2699, 81.0
2700, 80.0
2701, 75.0
2702, 82.0
2703, 79.0
2704, 78.0
2705, 71.0
2706, 79.0
2707, 76.0
2708, 74.0
2709, 74.0
2710, 84.0
2711, 78.0
2712, 77.0
2713, 74.0
2714, 82.0
2715, 77.0
2716, 82.0
2717, 80.0
2718, 85.0
2719, 76.0
2720, 81.0
2721, 75.0
2722, 80.0
2723, 80.0
2724, 82.0
2725, 77.0
2726, 86.0
2727, 78.0
2728, 77.0
2729, 74.0
2730, 80.0
2731, 80.0
2732, 75.0
2733, 80.0
2734, 78.0
2735, 77.0
2736, 76.0
2737, 75.0
2738, 76.0
2739, 78.0
2740, 78.0
2741, 75.0
2742, 80.0
2743, 79.0
2744, 80.0
2745, 75.0
2746, 76.0
2747, 74.0
2748, 79.0
2749, 74.0
2750, 79.0
2751, 78.0
2752, 77.0
2753, 80.0
2754, 79.0
2755, 77.0
2756, 83.0
2757, 80.0
2758, 78.0
2759, 75.0
2760, 78.0
2761, 75.0
2762, 85.0
2763, 81.0
2764, 77.0
2765, 75.0
2766, 79.0
2767, 82.0
2768, 77.0
2769, 75.0
2770, 72.0
2771, 78.0
2772, 81.0
2773, 79.0
2774, 81.0
2775, 78.0
2776, 75.0
2777, 76.0
2778, 79.0
2779, 78.0
2780, 77.0
2781, 76.0
2782, 80.0
2783, 76.0
2784, 76.0
2785, 76.0
2786, 78.0
2787, 77.0
2788, 77.0
2789, 79.0
2790, 86.0
2791, 80.0
2792, 81.0
2793, 76.0
2794, 78.0
2795, 76.0
2796, 81.0
2797, 79.0
2798, 76.0
2799, 81.0
2800, 76.0
2801, 77.0
2802, 83.0
2803, 78.0
2804, 78.0
2805, 79.0
2806, 82.0
2807, 79.0
2808, 82.0
2809, 79.0
2810, 78.0
2811, 72.0
2812, 78.0
2813, 77.0
2814, 84.0
2815, 77.0
2816, 78.0
2817, 79.0
2818, 73.0
2819, 77.0
2820, 84.0
2821, 77.0
2822, 76.0
2823, 77.0
2824, 86.0
2825, 73.0
2826, 83.0
2827, 80.0
2828, 74.0
2829, 76.0
2830, 79.0
2831, 80.0
2832, 79.0
2833, 78.0
2834, 77.0
2835, 80.0
2836, 80.0
2837, 80.0
2838, 79.0
2839, 77.0
2840, 77.0
2841, 77.0
2842, 83.0
2843, 79.0
2844, 81.0
2845, 81.0
2846, 74.0
2847, 77.0
2848, 83.0
2849, 76.0
2850, 75.0
2851, 81.0
2852, 80.0
2853, 76.0
2854, 81.0
2855, 73.0
2856, 82.0
2857, 81.0
2858, 78.0
2859, 77.0
2860, 77.0
2861, 76.0
2862, 82.0
2863, 81.0
2864, 82.0
2865, 76.0
2866, 75.0
2867, 79.0
2868, 79.0
2869, 78.0
2870, 78.0
2871, 76.0
2872, 79.0
2873, 77.0
2874, 79.0
2875, 75.0
2876, 77.0
2877, 75.0
2878, 83.0
2879, 77.0
2880, 79.0
2881, 79.0
2882, 76.0
2883, 75.0
2884, 79.0
2885, 74.0
2886, 80.0
2887, 77.0
2888, 81.0
2889, 75.0
2890, 87.0
2891, 81.0
2892, 78.0
2893, 79.0
2894, 78.0
2895, 76.0
2896, 81.0
2897, 78.0
2898, 82.0
2899, 70.0
2900, 83.0
2901, 81.0
2902, 76.0
2903, 80.0
2904, 76.0
2905, 79.0
2906, 78.0
2907, 76.0
2908, 79.0
2909, 75.0
2910, 79.0
2911, 78.0
2912, 78.0
2913, 75.0
2914, 81.0
2915, 73.0
2916, 82.0
2917, 81.0
2918, 78.0
2919, 79.0
2920, 79.0
2921, 75.0
2922, 77.0
2923, 79.0
2924, 81.0
2925, 79.0
2926, 80.0
2927, 73.0
2928, 80.0
2929, 77.0
2930, 78.0
2931, 79.0
2932, 83.0
2933, 80.0
2934, 78.0
2935, 77.0
2936, 80.0
2937, 79.0
2938, 79.0
2939, 82.0
2940, 79.0
2941, 75.0
2942, 82.0
2943, 75.0
2944, 80.0
2945, 73.0
2946, 76.0
2947, 77.0
2948, 80.0
2949, 78.0
2950, 79.0
2951, 81.0
2952, 80.0
2953, 81.0
2954, 84.0
2955, 78.0
2956, 86.0
2957, 77.0
2958, 75.0
2959, 79.0
2960, 81.0
2961, 76.0
2962, 84.0
2963, 76.0
2964, 82.0
2965, 78.0
2966, 81.0
2967, 73.0
2968, 85.0
2969, 79.0
2970, 82.0
2971, 79.0
2972, 79.0
2973, 79.0
2974, 82.0
2975, 77.0
2976, 83.0
2977, 80.0
2978, 79.0
2979, 77.0
2980, 78.0
2981, 82.0
2982, 80.0
2983, 81.0
2984, 79.0
2985, 79.0
2986, 80.0
2987, 81.0
2988, 78.0
2989, 78.0
2990, 80.0
2991, 79.0
2992, 79.0
2993, 81.0
2994, 82.0
2995, 75.0
2996, 78.0
2997, 79.0
2998, 79.0
2999, 78.0
3000, 75.0
3001, 80.0
3002, 76.0
3003, 77.0
3004, 79.0
3005, 77.0
3006, 79.0
3007, 78.0
3008, 80.0
3009, 78.0
3010, 84.0
3011, 76.0
3012, 77.0
3013, 81.0
3014, 79.0
3015, 77.0
3016, 84.0
3017, 83.0
3018, 82.0
3019, 78.0
3020, 83.0
3021, 80.0
3022, 73.0
3023, 82.0
3024, 77.0
3025, 78.0
3026, 76.0
3027, 78.0
3028, 80.0
3029, 76.0
3030, 73.0
3031, 81.0
3032, 80.0
3033, 76.0
3034, 78.0
3035, 79.0
3036, 78.0
3037, 74.0
3038, 82.0
3039, 77.0
3040, 76.0
3041, 78.0
3042, 82.0
3043, 76.0
3044, 75.0
3045, 78.0
3046, 81.0
3047, 80.0
3048, 80.0
3049, 76.0
3050, 77.0
3051, 80.0
3052, 83.0
3053, 80.0
3054, 87.0
3055, 80.0
3056, 78.0
3057, 75.0
3058, 82.0
3059, 79.0
3060, 82.0
3061, 76.0
3062, 82.0
3063, 76.0
3064, 80.0
3065, 80.0
3066, 82.0
3067, 77.0
3068, 82.0
3069, 75.0
3070, 85.0
3071, 82.0
3072, 83.0
3073, 73.0
3074, 80.0
3075, 80.0
3076, 81.0
3077, 78.0
3078, 77.0
3079, 77.0
3080, 76.0
3081, 79.0
3082, 76.0
3083, 81.0
3084, 74.0
3085, 81.0
3086, 73.0
3087, 77.0
3088, 82.0
3089, 76.0
3090, 78.0
3091, 75.0
3092, 82.0
3093, 79.0
3094, 81.0
3095, 75.0
3096, 80.0
3097, 73.0
3098, 80.0
3099, 79.0
3100, 82.0
3101, 77.0
3102, 79.0
3103, 77.0
3104, 82.0
3105, 79.0
3106, 81.0
3107, 80.0
3108, 76.0
3109, 75.0
3110, 75.0
3111, 77.0
3112, 81.0
3113, 76.0
3114, 81.0
3115, 77.0
3116, 84.0
3117, 76.0
3118, 76.0
3119, 76.0
3120, 74.0
3121, 76.0
3122, 80.0
3123, 83.0
3124, 82.0
3125, 81.0
3126, 81.0
3127, 82.0
3128, 80.0
3129, 78.0
3130, 79.0
3131, 79.0
3132, 77.0
3133, 81.0
3134, 78.0
3135, 78.0
3136, 75.0
3137, 79.0
3138, 78.0
3139, 76.0
3140, 80.0
3141, 77.0
3142, 76.0
3143, 79.0
3144, 77.0
3145, 78.0
3146, 78.0
3147, 79.0
3148, 79.0
3149, 78.0
3150, 80.0
3151, 77.0
3152, 82.0
3153, 80.0
3154, 81.0
3155, 76.0
3156, 77.0
3157, 76.0
3158, 78.0
3159, 78.0
3160, 80.0
3161, 74.0
3162, 81.0
3163, 79.0
3164, 77.0
3165, 82.0
3166, 83.0
3167, 79.0
3168, 81.0
3169, 80.0
3170, 81.0
3171, 75.0
3172, 78.0
3173, 77.0
3174, 76.0
3175, 78.0
3176, 79.0
3177, 78.0
3178, 75.0
3179, 84.0
3180, 78.0
3181, 78.0
3182, 80.0
3183, 75.0
3184, 76.0
3185, 76.0
3186, 82.0
3187, 78.0
3188, 81.0
3189, 77.0
3190, 80.0
3191, 79.0
3192, 80.0
3193, 79.0
3194, 79.0
3195, 78.0
3196, 73.0
3197, 73.0
3198, 87.0
3199, 78.0
3200, 79.0
3201, 77.0
3202, 81.0
3203, 72.0
3204, 86.0
3205, 78.0
3206, 80.0
3207, 74.0
3208, 78.0
3209, 75.0
3210, 80.0
3211, 75.0
3212, 82.0
3213, 77.0
3214, 76.0
3215, 76.0
3216, 81.0
3217, 80.0
3218, 77.0
3219, 82.0
3220, 81.0
3221, 75.0
3222, 78.0
3223, 76.0
3224, 81.0
3225, 78.0
3226, 79.0
3227, 79.0
3228, 78.0
3229, 73.0
3230, 81.0
3231, 76.0
3232, 75.0
3233, 80.0
3234, 78.0
3235, 73.0
3236, 78.0
3237, 82.0
3238, 76.0
3239, 77.0
3240, 76.0
3241, 75.0
3242, 80.0
3243, 82.0
3244, 75.0
3245, 77.0
3246, 81.0
3247, 81.0
3248, 80.0
3249, 75.0
3250, 84.0
3251, 78.0
3252, 75.0
3253, 74.0
3254, 80.0
3255, 75.0
3256, 77.0
3257, 78.0
3258, 76.0
3259, 74.0
3260, 80.0
3261, 81.0
3262, 76.0
3263, 80.0
3264, 82.0
3265, 78.0
3266, 85.0
3267, 76.0
3268, 82.0
3269, 73.0
3270, 74.0
3271, 76.0
3272, 80.0
3273, 77.0
3274, 82.0
3275, 77.0
3276, 82.0
3277, 75.0
3278, 79.0
3279, 76.0
3280, 80.0
3281, 80.0
3282, 84.0
3283, 79.0
3284, 81.0
3285, 80.0
3286, 81.0
3287, 74.0
3288, 81.0
3289, 76.0
3290, 78.0
3291, 77.0
3292, 83.0
3293, 79.0
3294, 83.0
3295, 78.0
3296, 79.0
3297, 75.0
3298, 82.0
3299, 79.0
3300, 80.0
3301, 80.0
3302, 83.0
3303, 78.0
3304, 75.0
3305, 80.0
3306, 80.0
3307, 77.0
3308, 81.0
3309, 74.0
3310, 84.0
3311, 73.0
3312, 80.0
3313, 73.0
3314, 80.0
3315, 77.0
3316, 76.0
3317, 75.0
3318, 82.0
3319, 74.0
3320, 78.0
3321, 78.0
3322, 79.0
3323, 81.0
3324, 81.0
3325, 79.0
3326, 84.0
3327, 77.0
3328, 81.0
3329, 78.0
3330, 77.0
3331, 80.0
3332, 84.0
3333, 80.0
3334, 82.0
3335, 81.0
3336, 81.0
3337, 78.0
3338, 79.0
3339, 79.0
3340, 80.0
3341, 76.0
3342, 82.0
3343, 78.0
3344, 79.0
3345, 78.0
3346, 83.0
3347, 80.0
3348, 78.0
3349, 77.0
3350, 79.0
3351, 80.0
3352, 81.0
3353, 75.0
3354, 82.0
3355, 74.0
3356, 84.0
3357, 79.0
3358, 85.0
3359, 76.0
3360, 80.0
3361, 79.0
3362, 75.0
3363, 81.0
3364, 76.0
3365, 76.0
3366, 80.0
3367, 74.0
3368, 82.0
3369, 75.0
3370, 85.0
3371, 79.0
3372, 81.0
3373, 75.0
3374, 81.0
3375, 78.0
3376, 84.0
3377, 80.0
3378, 78.0
3379, 82.0
3380, 83.0
3381, 76.0
3382, 80.0
3383, 77.0
3384, 82.0
3385, 79.0
3386, 80.0
3387, 75.0
3388, 80.0
3389, 79.0
3390, 79.0
3391, 76.0
3392, 82.0
3393, 76.0
3394, 83.0
3395, 76.0
3396, 80.0
3397, 78.0
3398, 75.0
3399, 77.0
3400, 76.0
3401, 79.0
3402, 83.0
3403, 77.0
3404, 83.0
3405, 76.0
3406, 82.0
3407, 76.0
3408, 77.0
3409, 78.0
3410, 81.0
3411, 75.0
3412, 84.0
3413, 78.0
3414, 74.0
3415, 80.0
3416, 77.0
3417, 76.0
3418, 83.0
3419, 77.0
3420, 82.0
3421, 77.0
3422, 82.0
3423, 75.0
3424, 81.0
3425, 73.0
3426, 80.0
3427, 75.0
3428, 81.0
3429, 73.0
3430, 80.0
3431, 80.0
3432, 84.0
3433, 76.0
3434, 81.0
3435, 79.0
3436, 80.0
3437, 78.0
3438, 81.0
3439, 80.0
3440, 78.0
3441, 81.0
3442, 82.0
3443, 81.0
3444, 80.0
3445, 78.0
3446, 83.0
3447, 75.0
3448, 79.0
3449, 79.0
3450, 77.0
3451, 80.0
3452, 79.0
3453, 79.0
3454, 82.0
3455, 78.0
3456, 81.0
3457, 80.0
3458, 81.0
3459, 78.0
3460, 86.0
3461, 75.0
3462, 82.0
3463, 78.0
3464, 77.0
3465, 77.0
3466, 72.0
3467, 77.0
3468, 81.0
3469, 77.0
3470, 81.0
3471, 80.0
3472, 83.0
3473, 77.0
3474, 81.0
3475, 75.0
3476, 79.0
3477, 80.0
3478, 78.0
3479, 76.0
3480, 79.0
3481, 84.0
3482, 79.0
3483, 79.0
3484, 80.0
3485, 79.0
3486, 77.0
3487, 79.0
3488, 78.0
3489, 76.0
3490, 79.0
3491, 80.0
3492, 77.0
3493, 77.0
3494, 80.0
3495, 75.0
3496, 80.0
3497, 80.0
3498, 76.0
3499, 73.0
3500, 82.0
3501, 81.0
3502, 77.0
3503, 74.0
3504, 81.0
3505, 77.0
3506, 82.0
3507, 80.0
3508, 86.0
3509, 81.0
3510, 77.0
3511, 77.0
3512, 82.0
3513, 76.0
3514, 79.0
3515, 79.0
3516, 75.0
3517, 72.0
3518, 83.0
3519, 73.0
3520, 80.0
3521, 78.0
3522, 82.0
3523, 80.0
3524, 78.0
3525, 76.0
3526, 81.0
3527, 81.0
3528, 81.0
3529, 80.0
3530, 80.0
3531, 76.0
3532, 83.0
3533, 78.0
3534, 78.0
3535, 80.0
3536, 80.0
3537, 75.0
3538, 80.0
3539, 78.0
3540, 79.0
3541, 74.0
3542, 76.0
3543, 84.0
3544, 77.0
3545, 81.0
3546, 79.0
3547, 80.0
3548, 80.0
3549, 75.0
3550, 79.0
3551, 80.0
3552, 84.0
3553, 78.0
3554, 83.0
3555, 77.0
3556, 83.0
3557, 79.0
3558, 78.0
3559, 74.0
3560, 79.0
3561, 76.0
3562, 79.0
3563, 77.0
3564, 78.0
3565, 77.0
3566, 78.0
3567, 81.0
3568, 79.0
3569, 75.0
3570, 78.0
3571, 72.0
3572, 77.0
3573, 80.0
3574, 78.0
3575, 79.0
3576, 80.0
3577, 83.0
3578, 83.0
3579, 78.0
3580, 83.0
3581, 74.0
3582, 78.0
3583, 79.0
3584, 81.0
3585, 81.0
3586, 79.0
3587, 72.0
3588, 82.0
3589, 77.0
3590, 86.0
3591, 81.0
3592, 82.0
3593, 76.0
3594, 80.0
3595, 76.0
3596, 81.0
3597, 76.0
3598, 81.0
3599, 75.0
3600, 80.0
3601, 78.0
3602, 80.0
3603, 77.0
3604, 81.0
3605, 80.0
3606, 80.0
3607, 75.0
3608, 86.0
3609, 84.0
3610, 83.0
3611, 78.0
3612, 79.0
3613, 81.0
3614, 79.0
3615, 79.0
3616, 85.0
3617, 81.0
3618, 85.0
3619, 80.0
3620, 81.0
3621, 78.0
3622, 80.0
3623, 79.0
3624, 81.0
3625, 83.0
3626, 82.0
3627, 78.0
3628, 88.0
3629, 74.0
3630, 81.0
3631, 76.0
3632, 82.0
3633, 80.0
3634, 83.0
3635, 77.0
3636, 75.0
3637, 80.0
3638, 74.0
3639, 81.0
3640, 81.0
3641, 70.0
3642, 83.0
3643, 79.0
3644, 84.0
3645, 75.0
3646, 80.0
3647,  1.0

