0.000000	0.100000
-2.000000	0.007000
-1.980000	0.007000
-1.960000	0.006000
-1.940000	0.007000
-1.920000	0.009000
-1.900000	0.006000
-1.880000	0.007000
-1.860000	0.006000
-1.840000	0.006000
-1.820000	0.007000
-1.800000	0.007000
-1.780000	0.007000
-1.760000	0.007000
-1.740000	0.006000
-1.720000	0.007000
-1.700000	0.007000
-1.680000	0.006000
-1.660000	0.007000
-1.640000	0.007000
-1.620000	0.007000
-1.600000	0.006000
-1.580000	0.007000
-1.560000	0.007000
-1.540000	0.007000
-1.520000	0.007000
-1.500000	0.007000
-1.480000	0.007000
-1.460000	0.007000
-1.440000	0.007000
-1.420000	0.006000
-1.400000	0.006000
-1.380000	0.006000
-1.360000	0.007000
-1.340000	0.007000
-1.320000	0.007000
-1.300000	0.007000
-1.280000	0.007000
-1.260000	0.007000
-1.240000	0.007000
-1.220000	0.006000
-1.200000	0.007000
-1.180000	0.007000
-1.160000	0.007000
-1.140000	0.006000
-1.120000	0.007000
-1.100000	0.007000
-1.080000	0.006000
-1.060000	0.007000
-1.040000	0.006000
-1.020000	0.007000
-1.000000	0.007000
-0.980000	0.006000
-0.960000	0.007000
-0.940000	0.007000
-0.920000	0.007000
-0.900000	0.007000
-0.880000	0.006000
-0.860000	0.007000
-0.840000	0.006000
-0.820000	0.007000
-0.800000	0.007000
-0.780000	0.007000
-0.760000	0.007000
-0.740000	0.007000
-0.720000	0.007000
-0.700000	0.007000
-0.680000	0.007000
-0.660000	0.007000
-0.640000	0.007000
-0.620000	0.007000
-0.600000	0.007000
-0.580000	0.006000
-0.560000	0.007000
-0.540000	0.007000
-0.520000	0.007000
-0.500000	0.007000
-0.480000	0.007000
-0.460000	0.007000
-0.440000	0.007000
-0.420000	0.007000
-0.400000	0.007000
-0.380000	0.007000
-0.360000	0.006000
-0.340000	0.007000
-0.320000	0.007000
-0.300000	0.006000
-0.280000	0.007000
-0.260000	0.006000
-0.240000	0.007000
-0.220000	0.007000
-0.200000	0.007000
-0.180000	0.006000
-0.160000	0.006000
-0.140000	0.007000
-0.120000	0.007000
-0.100000	0.007000
-0.080000	0.006000
-0.060000	0.007000
-0.040000	0.007000
-0.020000	0.007000
0.000000	0.007000
0.020000	0.007000
0.040000	0.007000
0.060000	0.007000
0.080000	0.007000
0.100000	0.006000
0.120000	0.006000
0.140000	0.007000
0.160000	0.007000
0.180000	0.007000
0.200000	0.006000
0.220000	0.007000
0.240000	0.006000
0.260000	0.006000
0.280000	0.007000
0.300000	0.008000
0.320000	0.009000
0.340000	0.007000
0.360000	0.007000
0.380000	0.006000
0.400000	0.006000
0.420000	0.007000
0.440000	0.007000
0.460000	0.007000
0.480000	0.006000
0.500000	0.007000
0.520000	0.007000
0.540000	0.007000
0.560000	0.006000
0.580000	0.007000
0.600000	0.006000
0.620000	0.006000
0.640000	0.007000
0.660000	0.007000
0.680000	0.007000
0.700000	0.007000
0.720000	0.007000
0.740000	0.007000
0.760000	0.007000
0.780000	0.007000
0.800000	0.007000
0.820000	0.007000
0.840000	0.007000
0.860000	0.006000
0.880000	0.007000
0.900000	0.007000
0.920000	0.007000
0.940000	0.006000
0.960000	0.007000
0.980000	0.007000
1.000000	0.007000
1.020000	0.007000
1.040000	0.006000
1.060000	0.006000
1.080000	0.006000
1.100000	0.007000
1.120000	0.006000
1.140000	0.007000
1.160000	0.007000
1.180000	0.006000
1.200000	0.006000
1.220000	0.006000
1.240000	0.007000
1.260000	0.007000
1.280000	0.006000
1.300000	0.007000
1.320000	0.007000
1.340000	0.007000
1.360000	0.006000
1.380000	0.007000
1.400000	0.007000
1.420000	0.007000
1.440000	0.007000
1.460000	0.006000
1.480000	0.007000
1.500000	0.007000
1.520000	0.007000
1.540000	0.006000
1.560000	0.007000
1.580000	0.006000
1.600000	0.006000
1.620000	0.007000
1.640000	0.007000
1.660000	0.007000
1.680000	0.007000
1.700000	0.007000
1.720000	0.007000
1.740000	0.007000
1.760000	0.007000
1.780000	0.007000
1.800000	0.006000
1.820000	0.007000
1.840000	0.006000
1.860000	0.007000
1.880000	0.006000
1.900000	0.007000
1.920000	0.007000
1.940000	0.007000
1.960000	0.007000
1.980000	0.007000
2.000000	0.007000
2.020000	0.007000
2.040000	0.007000
2.060000	0.007000
2.080000	0.007000
2.100000	0.007000
2.120000	0.007000
2.140000	0.006000
2.160000	0.006000
2.180000	0.007000
2.200000	0.007000
2.220000	0.007000
2.240000	0.006000
2.260000	0.006000
2.280000	0.007000
2.300000	0.007000
2.320000	0.006000
2.340000	0.007000
2.360000	0.007000
2.380000	0.007000
2.400000	0.007000
2.420000	0.007000
2.440000	0.007000
2.460000	0.007000
2.480000	0.007000
2.500000	0.007000
2.520000	0.008000
2.540000	0.009000
2.560000	0.010000
2.580000	0.012000
2.600000	0.015000
2.620000	0.019000
2.640000	0.028000
2.660000	0.034000
2.680000	0.045000
2.700000	0.065000
2.720000	0.085000
2.740000	0.124000
2.760000	0.164000
2.780000	0.216000
2.800000	0.292000
2.820000	0.386000
2.840000	0.482000
2.860000	0.676000
2.880000	0.790000
2.900000	1.015000
2.920000	1.248000
2.940000	1.517000
2.960000	1.817000
2.980000	2.225000
3.000000	2.603000
3.020000	2.991000
3.040000	3.506000
3.060000	4.238000
3.080000	4.603000
3.100000	5.231000
3.120000	5.893000
3.140000	6.488000
3.160000	7.119000
3.180000	7.702000
3.200000	8.406000
3.220000	9.064000
3.240000	9.707000
3.260000	10.327000
3.280000	10.839000
3.300000	11.370000
3.320000	11.891000
3.340000	12.338000
3.360000	12.736000
3.380000	13.034000
3.400000	13.325000
3.420000	13.520000
3.440000	13.671000
3.460000	13.736000
3.480000	13.730000
3.500000	13.680000
3.520000	13.571000
3.540000	13.380000
3.560000	13.101000
3.580000	12.835000
3.600000	12.507000
3.620000	12.138000
3.640000	11.786000
3.660000	11.221000
3.680000	10.921000
3.700000	10.490000
3.720000	10.007000
3.740000	9.561000
3.760000	9.115000
3.780000	8.682000
3.800000	8.274000
3.820000	7.849000
3.840000	7.439000
3.860000	7.031000
3.880000	6.705000
3.900000	6.360000
3.920000	6.052000
3.940000	5.719000
3.960000	5.443000
3.980000	5.163000
4.000000	4.919000
4.020000	4.653000
4.040000	4.439000
4.060000	4.185000
4.080000	4.013000
4.100000	3.831000
4.120000	3.642000
4.140000	3.471000
4.160000	3.320000
4.180000	3.183000
4.200000	3.034000
4.220000	2.902000
4.240000	2.780000
4.260000	2.656000
4.280000	2.568000
4.300000	2.449000
4.320000	2.352000
4.340000	2.269000
4.360000	2.184000
4.380000	2.097000
4.400000	2.019000
4.420000	1.951000
4.440000	1.867000
4.460000	1.802000
4.480000	1.747000
4.500000	1.694000
4.520000	1.635000
4.540000	1.586000
4.560000	1.531000
4.580000	1.482000
4.600000	1.440000
4.620000	1.394000
4.640000	1.354000
4.660000	1.304000
4.680000	1.269000
4.700000	1.235000
4.720000	1.200000
4.740000	1.167000
4.760000	1.136000
4.780000	1.104000
4.800000	1.073000
4.820000	1.051000
4.840000	1.020000
4.860000	0.986000
4.880000	0.967000
4.900000	0.943000
4.920000	0.921000
4.940000	0.901000
4.960000	0.880000
4.980000	0.856000
5.000000	0.837000
5.020000	0.817000
5.040000	0.799000
5.060000	0.777000
5.080000	0.766000
5.100000	0.749000
5.120000	0.731000
5.140000	0.718000
5.160000	0.700000
5.180000	0.685000
5.200000	0.671000
5.220000	0.657000
5.240000	0.643000
5.260000	0.629000
5.280000	0.619000
5.300000	0.607000
5.320000	0.600000
5.340000	0.585000
5.360000	0.574000
5.380000	0.562000
5.400000	0.556000
5.420000	0.545000
5.440000	0.536000
5.460000	0.525000
5.480000	0.514000
5.500000	0.506000
5.520000	0.500000
5.540000	0.492000
5.560000	0.481000
5.580000	0.471000
5.600000	0.462000
5.620000	0.454000
5.640000	0.447000
5.660000	0.438000
5.680000	0.431000
5.700000	0.429000
5.720000	0.423000
5.740000	0.415000
5.760000	0.406000
5.780000	0.403000
5.800000	0.399000
5.820000	0.390000
5.840000	0.385000
5.860000	0.378000
5.880000	0.373000
5.900000	0.368000
5.920000	0.362000
5.940000	0.357000
5.960000	0.352000
5.980000	0.351000
6.000000	0.347000
6.020000	0.341000
6.040000	0.333000
6.060000	0.330000
6.080000	0.324000
6.100000	0.321000
6.120000	0.316000
6.140000	0.313000
6.160000	0.307000
6.180000	0.303000
6.200000	0.301000
6.220000	0.294000
6.240000	0.291000
6.260000	0.290000
6.280000	0.282000
6.300000	0.281000
6.320000	0.280000
6.340000	0.276000
6.360000	0.270000
6.380000	0.266000
6.400000	0.269000
6.420000	0.260000
6.440000	0.257000
6.460000	0.257000
6.480000	0.254000
6.500000	0.248000
6.520000	0.252000
6.540000	0.245000
6.560000	0.244000
6.580000	0.234000
6.600000	0.234000
6.620000	0.235000
6.640000	0.236000
6.660000	0.226000
6.680000	0.227000
6.700000	0.224000
6.720000	0.221000
6.740000	0.215000
6.760000	0.216000
6.780000	0.215000
6.800000	0.210000
6.820000	0.208000
6.840000	0.205000
6.860000	0.206000
6.880000	0.200000
6.900000	0.202000
6.920000	0.199000
6.940000	0.198000
6.960000	0.193000
6.980000	0.193000
7.000000	0.192000
7.020000	0.190000
7.040000	0.187000
7.060000	0.188000
7.080000	0.181000
7.100000	0.179000
7.120000	0.182000
7.140000	0.176000
7.160000	0.178000
7.180000	0.174000
7.200000	0.175000
7.220000	0.174000
7.240000	0.166000
7.260000	0.166000
7.280000	0.168000
7.300000	0.163000
7.320000	0.163000
7.340000	0.164000
7.360000	0.164000
7.380000	0.160000
7.400000	0.160000
7.420000	0.155000
7.440000	0.154000
7.460000	0.151000
7.480000	0.154000
7.500000	0.148000
7.520000	0.149000
7.540000	0.149000
7.560000	0.149000
7.580000	0.143000
7.600000	0.144000
7.620000	0.143000
7.640000	0.141000
7.660000	0.140000
7.680000	0.138000
7.700000	0.137000
7.720000	0.136000
7.740000	0.133000
7.760000	0.138000
7.780000	0.135000
7.800000	0.131000
7.820000	0.131000
7.840000	0.133000
7.860000	0.132000
7.880000	0.128000
7.900000	0.127000
7.920000	0.128000
7.940000	0.126000
7.960000	0.126000
7.980000	0.125000
8.000000	0.124000
8.020000	0.119000
8.040000	0.119000
8.060000	0.120000
8.080000	0.114000
8.100000	0.120000
8.120000	0.115000
8.140000	0.116000
8.160000	0.113000
8.180000	0.114000
8.200000	0.114000
8.220000	0.111000
8.240000	0.110000
8.260000	0.110000
8.280000	0.106000
8.300000	0.110000
8.320000	0.111000
8.340000	0.111000
8.360000	0.107000
8.380000	0.105000
8.400000	0.110000
8.420000	0.104000
8.440000	0.101000
8.460000	0.101000
8.480000	0.102000
8.500000	0.103000
8.520000	0.102000
8.540000	0.101000
8.560000	0.100000
8.580000	0.095000
8.600000	0.100000
8.620000	0.097000
8.640000	0.098000
8.660000	0.096000
8.680000	0.100000
8.700000	0.095000
8.720000	0.093000
8.740000	0.093000
8.760000	0.090000
8.780000	0.091000
8.800000	0.090000
8.820000	0.091000
8.840000	0.089000
8.860000	0.089000
8.880000	0.092000
8.900000	0.087000
8.920000	0.089000
8.940000	0.085000
8.960000	0.088000
8.980000	0.089000
9.000000	0.086000
9.020000	0.083000
9.040000	0.083000
9.060000	0.081000
9.080000	0.084000
9.100000	0.084000
9.120000	0.080000
9.140000	0.083000
9.160000	0.085000
9.180000	0.080000
9.200000	0.078000
9.220000	0.081000
9.240000	0.079000
9.260000	0.076000
9.280000	0.078000
9.300000	0.082000
9.320000	0.078000
9.340000	0.075000
9.360000	0.078000
9.380000	0.077000
9.400000	0.073000
9.420000	0.075000
9.440000	0.074000
9.460000	0.076000
9.480000	0.076000
9.500000	0.071000
9.520000	0.071000
9.540000	0.074000
9.560000	0.073000
9.580000	0.069000
9.600000	0.068000
9.620000	0.069000
9.640000	0.069000
9.660000	0.067000
9.680000	0.070000
9.700000	0.070000
9.720000	0.070000
9.740000	0.067000
9.760000	0.068000
9.780000	0.066000
9.800000	0.067000
9.820000	0.065000
9.840000	0.067000
9.860000	0.065000
9.880000	0.065000
9.900000	0.067000
9.920000	0.067000
9.940000	0.065000
9.960000	0.066000
9.980000	0.066000
10.000000	0.066000
10.020000	0.062000
